C:\Users\Administrator\AppData\Local\Programs\Python\Python312\python.exe "C:\Users\Administrator\Desktop\EA_submodular\example\MC\tmd这才对 - 副本跑degree+1\MC_Jiao非支配排序.py"
595
[ 75  74  69  66  61  72  63  66  63  74  73  61  76  77  80  60  51  59
  72  69  66  57  73  63  65  60  62  78  54  74  63  73  64  62  69  66
  72  69  74  60  62  68  67  67  70  72  63  69  72  70  63 103 127 112
 109 110 122 118 116 112 123 108 114 113 113 116 122 106  78  84  84  91
  88  91  82  89  92 100  91  92  93  80 100  84  87 102  93  95  95  93
 103 100  89 117  94 104 108  94  98  99 112  93 117 104 120 118 113 117
 128 125 126 126 131 120 118 114 117 103 117 119 106 112  99 101  99 104
 120 107 103 111 110 117 102 103 106 102  87  76  89  99  79  87  85  89
  87  88  98  99  93  99  97 100  78 111  94  97  94  95  89  96  84  82
  99 101  91  88  84  95 101  86  96  94  95 110  98 107  94  94  99 105
  94  96  97  87 110  90  92 114 106 113  97 113 129 124 121 111 114 117
 116 117 104 126 131 113  72  73  75  83  82  85  67  78  61  77  74  82
  85  74  86  79  76 102 116  97 114 102  96 112 108  93 106 114  91 111
 114  99 107  96  65  73  67  65  68  70  67  68  67  73  71  76  62  75
  80  68  70 104  87  93  94  91 111  95  87 109 108 105 111  95  98 103
  94 111 112 105 112 103 112 120 116 109 111 111 130 106 110 108 117 118
 118 100  88  94 112  94 105 114  95 108 108 101 110  98  93 102 103 108
 120 120 116 133 108 118 121 103 124 102 105 121 117 129 115 111 114 108
  94  98  82 108 102 105  95  98  95 100  94 102  96 101 104  99  76  75
  87  73  64  76  82  69  67  70  76  65  70  67  66  57  73  90  97  87
  93  91  91  83  93  91  85  92  90  96  84  88  78  94 104 107 113 131
 109 103 102 112 122 109 114 104 101 114 115 119 118  96  98 104 114 104
 100 110 106 102  98 111 108 111 108 114  99 108  91  96  80  77  91  93
  79  99  86 101  88  96  95  86  85  91  89 118 107 108 112 107 105 105
 102 112 112 113 107  97 112 103  96  96 109 109 107  94 101  95 103  96
 106 109 103 111 105  91  97 104 114  97 102  91  99  96 104 101  95 111
 103 102  96 105 103 104  96 103  75  76  54  65  68  83  78  74  82  73
  74  87  82  77  63  70  75  67  63  63  58  68  72  58  67  58  57  59
  66  63  64  62  61  67 111 108 114 109 120 114 100  96 118  97 111 108
  98 100 112 123 103 133 133 127 120 124 118 121 129 121 116 122 121 130
 126 113 123 120  78  75  89  89  77  88  82  81  85  81  80  83  76  71
  94  67  84  96 109  96 111 102  98 107  99 104  88  98  94  87  90 102
 107  80  80  81  84  87  76  85  89  75  76  80  88  83  74  73  75  75
  69]
500
405.36638655462184 500 594.6336134453782
10000 402.0
20000 406.0
30000 414.0
40000 416.0
50000 420.0
60000 420.0
70000 420.0
80000 420.0
90000 420.0
100000 422.0
110000 422.0
120000 422.0
130000 422.0
140000 422.0
150000 422.0
160000 422.0
170000 422.0
180000 422.0
190000 422.0
200000 422.0
210000 422.0
220000 422.0
230000 422.0
240000 422.0
250000 422.0
260000 422.0
270000 422.0
280000 422.0
290000 422.0
300000 422.0
310000 422.0
320000 422.0
330000 422.0
340000 422.0
350000 422.0
360000 422.0
370000 422.0
380000 422.0
390000 423.0
400000 423.0
595
[ 75  74  69  66  61  72  63  66  63  74  73  61  76  77  80  60  51  59
  72  69  66  57  73  63  65  60  62  78  54  74  63  73  64  62  69  66
  72  69  74  60  62  68  67  67  70  72  63  69  72  70  63 103 127 112
 109 110 122 118 116 112 123 108 114 113 113 116 122 106  78  84  84  91
  88  91  82  89  92 100  91  92  93  80 100  84  87 102  93  95  95  93
 103 100  89 117  94 104 108  94  98  99 112  93 117 104 120 118 113 117
 128 125 126 126 131 120 118 114 117 103 117 119 106 112  99 101  99 104
 120 107 103 111 110 117 102 103 106 102  87  76  89  99  79  87  85  89
  87  88  98  99  93  99  97 100  78 111  94  97  94  95  89  96  84  82
  99 101  91  88  84  95 101  86  96  94  95 110  98 107  94  94  99 105
  94  96  97  87 110  90  92 114 106 113  97 113 129 124 121 111 114 117
 116 117 104 126 131 113  72  73  75  83  82  85  67  78  61  77  74  82
  85  74  86  79  76 102 116  97 114 102  96 112 108  93 106 114  91 111
 114  99 107  96  65  73  67  65  68  70  67  68  67  73  71  76  62  75
  80  68  70 104  87  93  94  91 111  95  87 109 108 105 111  95  98 103
  94 111 112 105 112 103 112 120 116 109 111 111 130 106 110 108 117 118
 118 100  88  94 112  94 105 114  95 108 108 101 110  98  93 102 103 108
 120 120 116 133 108 118 121 103 124 102 105 121 117 129 115 111 114 108
  94  98  82 108 102 105  95  98  95 100  94 102  96 101 104  99  76  75
  87  73  64  76  82  69  67  70  76  65  70  67  66  57  73  90  97  87
  93  91  91  83  93  91  85  92  90  96  84  88  78  94 104 107 113 131
 109 103 102 112 122 109 114 104 101 114 115 119 118  96  98 104 114 104
 100 110 106 102  98 111 108 111 108 114  99 108  91  96  80  77  91  93
  79  99  86 101  88  96  95  86  85  91  89 118 107 108 112 107 105 105
 102 112 112 113 107  97 112 103  96  96 109 109 107  94 101  95 103  96
 106 109 103 111 105  91  97 104 114  97 102  91  99  96 104 101  95 111
 103 102  96 105 103 104  96 103  75  76  54  65  68  83  78  74  82  73
  74  87  82  77  63  70  75  67  63  63  58  68  72  58  67  58  57  59
  66  63  64  62  61  67 111 108 114 109 120 114 100  96 118  97 111 108
  98 100 112 123 103 133 133 127 120 124 118 121 129 121 116 122 121 130
 126 113 123 120  78  75  89  89  77  88  82  81  85  81  80  83  76  71
  94  67  84  96 109  96 111 102  98 107  99 104  88  98  94  87  90 102
 107  80  80  81  84  87  76  85  89  75  76  80  88  83  74  73  75  75
  69]
500
405.36638655462184 500 594.6336134453782
10000 401.0
20000 412.0
30000 412.0
40000 412.0
50000 413.0
60000 413.0
70000 413.0
80000 416.0
90000 416.0
100000 416.0
110000 416.0
120000 416.0
130000 416.0
140000 416.0
150000 416.0
160000 417.0
170000 417.0
180000 417.0
190000 417.0
200000 417.0
210000 417.0
220000 419.0
230000 419.0
240000 419.0
250000 419.0
260000 419.0
270000 419.0
280000 419.0
290000 419.0
300000 419.0
310000 419.0
320000 419.0
330000 419.0
340000 419.0
350000 419.0
360000 419.0
370000 419.0
380000 419.0
390000 419.0
400000 419.0
595
[ 75  74  69  66  61  72  63  66  63  74  73  61  76  77  80  60  51  59
  72  69  66  57  73  63  65  60  62  78  54  74  63  73  64  62  69  66
  72  69  74  60  62  68  67  67  70  72  63  69  72  70  63 103 127 112
 109 110 122 118 116 112 123 108 114 113 113 116 122 106  78  84  84  91
  88  91  82  89  92 100  91  92  93  80 100  84  87 102  93  95  95  93
 103 100  89 117  94 104 108  94  98  99 112  93 117 104 120 118 113 117
 128 125 126 126 131 120 118 114 117 103 117 119 106 112  99 101  99 104
 120 107 103 111 110 117 102 103 106 102  87  76  89  99  79  87  85  89
  87  88  98  99  93  99  97 100  78 111  94  97  94  95  89  96  84  82
  99 101  91  88  84  95 101  86  96  94  95 110  98 107  94  94  99 105
  94  96  97  87 110  90  92 114 106 113  97 113 129 124 121 111 114 117
 116 117 104 126 131 113  72  73  75  83  82  85  67  78  61  77  74  82
  85  74  86  79  76 102 116  97 114 102  96 112 108  93 106 114  91 111
 114  99 107  96  65  73  67  65  68  70  67  68  67  73  71  76  62  75
  80  68  70 104  87  93  94  91 111  95  87 109 108 105 111  95  98 103
  94 111 112 105 112 103 112 120 116 109 111 111 130 106 110 108 117 118
 118 100  88  94 112  94 105 114  95 108 108 101 110  98  93 102 103 108
 120 120 116 133 108 118 121 103 124 102 105 121 117 129 115 111 114 108
  94  98  82 108 102 105  95  98  95 100  94 102  96 101 104  99  76  75
  87  73  64  76  82  69  67  70  76  65  70  67  66  57  73  90  97  87
  93  91  91  83  93  91  85  92  90  96  84  88  78  94 104 107 113 131
 109 103 102 112 122 109 114 104 101 114 115 119 118  96  98 104 114 104
 100 110 106 102  98 111 108 111 108 114  99 108  91  96  80  77  91  93
  79  99  86 101  88  96  95  86  85  91  89 118 107 108 112 107 105 105
 102 112 112 113 107  97 112 103  96  96 109 109 107  94 101  95 103  96
 106 109 103 111 105  91  97 104 114  97 102  91  99  96 104 101  95 111
 103 102  96 105 103 104  96 103  75  76  54  65  68  83  78  74  82  73
  74  87  82  77  63  70  75  67  63  63  58  68  72  58  67  58  57  59
  66  63  64  62  61  67 111 108 114 109 120 114 100  96 118  97 111 108
  98 100 112 123 103 133 133 127 120 124 118 121 129 121 116 122 121 130
 126 113 123 120  78  75  89  89  77  88  82  81  85  81  80  83  76  71
  94  67  84  96 109  96 111 102  98 107  99 104  88  98  94  87  90 102
 107  80  80  81  84  87  76  85  89  75  76  80  88  83  74  73  75  75
  69]
500
405.36638655462184 500 594.6336134453782
10000 399.0
20000 410.0
30000 411.0
40000 411.0
50000 411.0
60000 411.0
70000 411.0
80000 411.0
90000 411.0
100000 411.0
110000 411.0
120000 415.0
130000 415.0
140000 415.0
150000 415.0
160000 415.0
170000 415.0
180000 415.0
190000 415.0
200000 415.0
210000 415.0
220000 415.0
230000 415.0
240000 415.0
250000 415.0
260000 415.0
270000 415.0
280000 415.0
290000 415.0
300000 415.0
310000 415.0
320000 415.0
330000 415.0
340000 415.0
350000 415.0
360000 415.0
370000 415.0
380000 415.0
390000 415.0
400000 415.0
595
[ 75  74  69  66  61  72  63  66  63  74  73  61  76  77  80  60  51  59
  72  69  66  57  73  63  65  60  62  78  54  74  63  73  64  62  69  66
  72  69  74  60  62  68  67  67  70  72  63  69  72  70  63 103 127 112
 109 110 122 118 116 112 123 108 114 113 113 116 122 106  78  84  84  91
  88  91  82  89  92 100  91  92  93  80 100  84  87 102  93  95  95  93
 103 100  89 117  94 104 108  94  98  99 112  93 117 104 120 118 113 117
 128 125 126 126 131 120 118 114 117 103 117 119 106 112  99 101  99 104
 120 107 103 111 110 117 102 103 106 102  87  76  89  99  79  87  85  89
  87  88  98  99  93  99  97 100  78 111  94  97  94  95  89  96  84  82
  99 101  91  88  84  95 101  86  96  94  95 110  98 107  94  94  99 105
  94  96  97  87 110  90  92 114 106 113  97 113 129 124 121 111 114 117
 116 117 104 126 131 113  72  73  75  83  82  85  67  78  61  77  74  82
  85  74  86  79  76 102 116  97 114 102  96 112 108  93 106 114  91 111
 114  99 107  96  65  73  67  65  68  70  67  68  67  73  71  76  62  75
  80  68  70 104  87  93  94  91 111  95  87 109 108 105 111  95  98 103
  94 111 112 105 112 103 112 120 116 109 111 111 130 106 110 108 117 118
 118 100  88  94 112  94 105 114  95 108 108 101 110  98  93 102 103 108
 120 120 116 133 108 118 121 103 124 102 105 121 117 129 115 111 114 108
  94  98  82 108 102 105  95  98  95 100  94 102  96 101 104  99  76  75
  87  73  64  76  82  69  67  70  76  65  70  67  66  57  73  90  97  87
  93  91  91  83  93  91  85  92  90  96  84  88  78  94 104 107 113 131
 109 103 102 112 122 109 114 104 101 114 115 119 118  96  98 104 114 104
 100 110 106 102  98 111 108 111 108 114  99 108  91  96  80  77  91  93
  79  99  86 101  88  96  95  86  85  91  89 118 107 108 112 107 105 105
 102 112 112 113 107  97 112 103  96  96 109 109 107  94 101  95 103  96
 106 109 103 111 105  91  97 104 114  97 102  91  99  96 104 101  95 111
 103 102  96 105 103 104  96 103  75  76  54  65  68  83  78  74  82  73
  74  87  82  77  63  70  75  67  63  63  58  68  72  58  67  58  57  59
  66  63  64  62  61  67 111 108 114 109 120 114 100  96 118  97 111 108
  98 100 112 123 103 133 133 127 120 124 118 121 129 121 116 122 121 130
 126 113 123 120  78  75  89  89  77  88  82  81  85  81  80  83  76  71
  94  67  84  96 109  96 111 102  98 107  99 104  88  98  94  87  90 102
 107  80  80  81  84  87  76  85  89  75  76  80  88  83  74  73  75  75
  69]
500
405.36638655462184 500 594.6336134453782
10000 397.0
20000 405.0
30000 405.0
40000 415.0
50000 415.0
60000 415.0
70000 415.0
80000 415.0
90000 415.0
100000 415.0
110000 418.0
120000 418.0
130000 418.0
140000 418.0
150000 418.0
160000 418.0
170000 418.0
180000 418.0
190000 418.0
200000 418.0
210000 418.0
220000 418.0
230000 418.0
240000 418.0
250000 418.0
260000 418.0
270000 418.0
280000 418.0
290000 418.0
300000 418.0
310000 418.0
320000 418.0
330000 418.0
340000 418.0
350000 418.0
360000 418.0
370000 418.0
380000 418.0
390000 418.0
400000 418.0
595
[ 75  74  69  66  61  72  63  66  63  74  73  61  76  77  80  60  51  59
  72  69  66  57  73  63  65  60  62  78  54  74  63  73  64  62  69  66
  72  69  74  60  62  68  67  67  70  72  63  69  72  70  63 103 127 112
 109 110 122 118 116 112 123 108 114 113 113 116 122 106  78  84  84  91
  88  91  82  89  92 100  91  92  93  80 100  84  87 102  93  95  95  93
 103 100  89 117  94 104 108  94  98  99 112  93 117 104 120 118 113 117
 128 125 126 126 131 120 118 114 117 103 117 119 106 112  99 101  99 104
 120 107 103 111 110 117 102 103 106 102  87  76  89  99  79  87  85  89
  87  88  98  99  93  99  97 100  78 111  94  97  94  95  89  96  84  82
  99 101  91  88  84  95 101  86  96  94  95 110  98 107  94  94  99 105
  94  96  97  87 110  90  92 114 106 113  97 113 129 124 121 111 114 117
 116 117 104 126 131 113  72  73  75  83  82  85  67  78  61  77  74  82
  85  74  86  79  76 102 116  97 114 102  96 112 108  93 106 114  91 111
 114  99 107  96  65  73  67  65  68  70  67  68  67  73  71  76  62  75
  80  68  70 104  87  93  94  91 111  95  87 109 108 105 111  95  98 103
  94 111 112 105 112 103 112 120 116 109 111 111 130 106 110 108 117 118
 118 100  88  94 112  94 105 114  95 108 108 101 110  98  93 102 103 108
 120 120 116 133 108 118 121 103 124 102 105 121 117 129 115 111 114 108
  94  98  82 108 102 105  95  98  95 100  94 102  96 101 104  99  76  75
  87  73  64  76  82  69  67  70  76  65  70  67  66  57  73  90  97  87
  93  91  91  83  93  91  85  92  90  96  84  88  78  94 104 107 113 131
 109 103 102 112 122 109 114 104 101 114 115 119 118  96  98 104 114 104
 100 110 106 102  98 111 108 111 108 114  99 108  91  96  80  77  91  93
  79  99  86 101  88  96  95  86  85  91  89 118 107 108 112 107 105 105
 102 112 112 113 107  97 112 103  96  96 109 109 107  94 101  95 103  96
 106 109 103 111 105  91  97 104 114  97 102  91  99  96 104 101  95 111
 103 102  96 105 103 104  96 103  75  76  54  65  68  83  78  74  82  73
  74  87  82  77  63  70  75  67  63  63  58  68  72  58  67  58  57  59
  66  63  64  62  61  67 111 108 114 109 120 114 100  96 118  97 111 108
  98 100 112 123 103 133 133 127 120 124 118 121 129 121 116 122 121 130
 126 113 123 120  78  75  89  89  77  88  82  81  85  81  80  83  76  71
  94  67  84  96 109  96 111 102  98 107  99 104  88  98  94  87  90 102
 107  80  80  81  84  87  76  85  89  75  76  80  88  83  74  73  75  75
  69]
500
405.36638655462184 500 594.6336134453782
10000 400.0
20000 404.0
30000 415.0
40000 415.0
50000 415.0
60000 418.0
70000 425.0
80000 425.0
90000 425.0
100000 425.0
110000 425.0
120000 425.0
130000 425.0
140000 425.0
150000 425.0
160000 425.0
170000 425.0
180000 425.0
190000 425.0
200000 425.0
210000 425.0
220000 425.0
230000 425.0
240000 425.0
250000 425.0
260000 425.0
270000 425.0
280000 425.0
290000 425.0
300000 425.0
310000 425.0
320000 425.0
330000 425.0
340000 425.0
350000 425.0
360000 425.0
370000 425.0
380000 425.0
390000 425.0
400000 425.0
595
[ 75  74  69  66  61  72  63  66  63  74  73  61  76  77  80  60  51  59
  72  69  66  57  73  63  65  60  62  78  54  74  63  73  64  62  69  66
  72  69  74  60  62  68  67  67  70  72  63  69  72  70  63 103 127 112
 109 110 122 118 116 112 123 108 114 113 113 116 122 106  78  84  84  91
  88  91  82  89  92 100  91  92  93  80 100  84  87 102  93  95  95  93
 103 100  89 117  94 104 108  94  98  99 112  93 117 104 120 118 113 117
 128 125 126 126 131 120 118 114 117 103 117 119 106 112  99 101  99 104
 120 107 103 111 110 117 102 103 106 102  87  76  89  99  79  87  85  89
  87  88  98  99  93  99  97 100  78 111  94  97  94  95  89  96  84  82
  99 101  91  88  84  95 101  86  96  94  95 110  98 107  94  94  99 105
  94  96  97  87 110  90  92 114 106 113  97 113 129 124 121 111 114 117
 116 117 104 126 131 113  72  73  75  83  82  85  67  78  61  77  74  82
  85  74  86  79  76 102 116  97 114 102  96 112 108  93 106 114  91 111
 114  99 107  96  65  73  67  65  68  70  67  68  67  73  71  76  62  75
  80  68  70 104  87  93  94  91 111  95  87 109 108 105 111  95  98 103
  94 111 112 105 112 103 112 120 116 109 111 111 130 106 110 108 117 118
 118 100  88  94 112  94 105 114  95 108 108 101 110  98  93 102 103 108
 120 120 116 133 108 118 121 103 124 102 105 121 117 129 115 111 114 108
  94  98  82 108 102 105  95  98  95 100  94 102  96 101 104  99  76  75
  87  73  64  76  82  69  67  70  76  65  70  67  66  57  73  90  97  87
  93  91  91  83  93  91  85  92  90  96  84  88  78  94 104 107 113 131
 109 103 102 112 122 109 114 104 101 114 115 119 118  96  98 104 114 104
 100 110 106 102  98 111 108 111 108 114  99 108  91  96  80  77  91  93
  79  99  86 101  88  96  95  86  85  91  89 118 107 108 112 107 105 105
 102 112 112 113 107  97 112 103  96  96 109 109 107  94 101  95 103  96
 106 109 103 111 105  91  97 104 114  97 102  91  99  96 104 101  95 111
 103 102  96 105 103 104  96 103  75  76  54  65  68  83  78  74  82  73
  74  87  82  77  63  70  75  67  63  63  58  68  72  58  67  58  57  59
  66  63  64  62  61  67 111 108 114 109 120 114 100  96 118  97 111 108
  98 100 112 123 103 133 133 127 120 124 118 121 129 121 116 122 121 130
 126 113 123 120  78  75  89  89  77  88  82  81  85  81  80  83  76  71
  94  67  84  96 109  96 111 102  98 107  99 104  88  98  94  87  90 102
 107  80  80  81  84  87  76  85  89  75  76  80  88  83  74  73  75  75
  69]
500
405.36638655462184 500 594.6336134453782
10000 400.0
20000 402.0
30000 404.0
40000 405.0
50000 414.0
60000 414.0
70000 414.0
80000 414.0
90000 414.0
100000 414.0
110000 414.0
120000 414.0
130000 414.0
140000 414.0
150000 414.0
160000 414.0
170000 414.0
180000 414.0
190000 414.0
200000 414.0
210000 414.0
220000 414.0
230000 414.0
240000 414.0
250000 414.0
260000 414.0
270000 414.0
280000 414.0
290000 414.0
300000 414.0
310000 414.0
320000 414.0
330000 415.0
340000 415.0
350000 415.0
360000 415.0
370000 415.0
380000 415.0
390000 415.0
400000 415.0
595
[ 75  74  69  66  61  72  63  66  63  74  73  61  76  77  80  60  51  59
  72  69  66  57  73  63  65  60  62  78  54  74  63  73  64  62  69  66
  72  69  74  60  62  68  67  67  70  72  63  69  72  70  63 103 127 112
 109 110 122 118 116 112 123 108 114 113 113 116 122 106  78  84  84  91
  88  91  82  89  92 100  91  92  93  80 100  84  87 102  93  95  95  93
 103 100  89 117  94 104 108  94  98  99 112  93 117 104 120 118 113 117
 128 125 126 126 131 120 118 114 117 103 117 119 106 112  99 101  99 104
 120 107 103 111 110 117 102 103 106 102  87  76  89  99  79  87  85  89
  87  88  98  99  93  99  97 100  78 111  94  97  94  95  89  96  84  82
  99 101  91  88  84  95 101  86  96  94  95 110  98 107  94  94  99 105
  94  96  97  87 110  90  92 114 106 113  97 113 129 124 121 111 114 117
 116 117 104 126 131 113  72  73  75  83  82  85  67  78  61  77  74  82
  85  74  86  79  76 102 116  97 114 102  96 112 108  93 106 114  91 111
 114  99 107  96  65  73  67  65  68  70  67  68  67  73  71  76  62  75
  80  68  70 104  87  93  94  91 111  95  87 109 108 105 111  95  98 103
  94 111 112 105 112 103 112 120 116 109 111 111 130 106 110 108 117 118
 118 100  88  94 112  94 105 114  95 108 108 101 110  98  93 102 103 108
 120 120 116 133 108 118 121 103 124 102 105 121 117 129 115 111 114 108
  94  98  82 108 102 105  95  98  95 100  94 102  96 101 104  99  76  75
  87  73  64  76  82  69  67  70  76  65  70  67  66  57  73  90  97  87
  93  91  91  83  93  91  85  92  90  96  84  88  78  94 104 107 113 131
 109 103 102 112 122 109 114 104 101 114 115 119 118  96  98 104 114 104
 100 110 106 102  98 111 108 111 108 114  99 108  91  96  80  77  91  93
  79  99  86 101  88  96  95  86  85  91  89 118 107 108 112 107 105 105
 102 112 112 113 107  97 112 103  96  96 109 109 107  94 101  95 103  96
 106 109 103 111 105  91  97 104 114  97 102  91  99  96 104 101  95 111
 103 102  96 105 103 104  96 103  75  76  54  65  68  83  78  74  82  73
  74  87  82  77  63  70  75  67  63  63  58  68  72  58  67  58  57  59
  66  63  64  62  61  67 111 108 114 109 120 114 100  96 118  97 111 108
  98 100 112 123 103 133 133 127 120 124 118 121 129 121 116 122 121 130
 126 113 123 120  78  75  89  89  77  88  82  81  85  81  80  83  76  71
  94  67  84  96 109  96 111 102  98 107  99 104  88  98  94  87  90 102
 107  80  80  81  84  87  76  85  89  75  76  80  88  83  74  73  75  75
  69]
500
405.36638655462184 500 594.6336134453782
10000 399.0
20000 403.0
30000 416.0
40000 416.0
50000 416.0
60000 416.0
70000 416.0
80000 421.0
90000 421.0
100000 421.0
110000 421.0
120000 421.0
130000 421.0
140000 421.0
150000 421.0
160000 421.0
170000 421.0
180000 421.0
190000 421.0
200000 421.0
210000 421.0
220000 421.0
230000 421.0
240000 421.0
250000 421.0
260000 421.0
270000 421.0
280000 421.0
290000 421.0
300000 421.0
310000 421.0
320000 421.0
330000 421.0
340000 421.0
350000 421.0
360000 421.0
370000 421.0
380000 421.0
390000 421.0
400000 421.0
595
[ 75  74  69  66  61  72  63  66  63  74  73  61  76  77  80  60  51  59
  72  69  66  57  73  63  65  60  62  78  54  74  63  73  64  62  69  66
  72  69  74  60  62  68  67  67  70  72  63  69  72  70  63 103 127 112
 109 110 122 118 116 112 123 108 114 113 113 116 122 106  78  84  84  91
  88  91  82  89  92 100  91  92  93  80 100  84  87 102  93  95  95  93
 103 100  89 117  94 104 108  94  98  99 112  93 117 104 120 118 113 117
 128 125 126 126 131 120 118 114 117 103 117 119 106 112  99 101  99 104
 120 107 103 111 110 117 102 103 106 102  87  76  89  99  79  87  85  89
  87  88  98  99  93  99  97 100  78 111  94  97  94  95  89  96  84  82
  99 101  91  88  84  95 101  86  96  94  95 110  98 107  94  94  99 105
  94  96  97  87 110  90  92 114 106 113  97 113 129 124 121 111 114 117
 116 117 104 126 131 113  72  73  75  83  82  85  67  78  61  77  74  82
  85  74  86  79  76 102 116  97 114 102  96 112 108  93 106 114  91 111
 114  99 107  96  65  73  67  65  68  70  67  68  67  73  71  76  62  75
  80  68  70 104  87  93  94  91 111  95  87 109 108 105 111  95  98 103
  94 111 112 105 112 103 112 120 116 109 111 111 130 106 110 108 117 118
 118 100  88  94 112  94 105 114  95 108 108 101 110  98  93 102 103 108
 120 120 116 133 108 118 121 103 124 102 105 121 117 129 115 111 114 108
  94  98  82 108 102 105  95  98  95 100  94 102  96 101 104  99  76  75
  87  73  64  76  82  69  67  70  76  65  70  67  66  57  73  90  97  87
  93  91  91  83  93  91  85  92  90  96  84  88  78  94 104 107 113 131
 109 103 102 112 122 109 114 104 101 114 115 119 118  96  98 104 114 104
 100 110 106 102  98 111 108 111 108 114  99 108  91  96  80  77  91  93
  79  99  86 101  88  96  95  86  85  91  89 118 107 108 112 107 105 105
 102 112 112 113 107  97 112 103  96  96 109 109 107  94 101  95 103  96
 106 109 103 111 105  91  97 104 114  97 102  91  99  96 104 101  95 111
 103 102  96 105 103 104  96 103  75  76  54  65  68  83  78  74  82  73
  74  87  82  77  63  70  75  67  63  63  58  68  72  58  67  58  57  59
  66  63  64  62  61  67 111 108 114 109 120 114 100  96 118  97 111 108
  98 100 112 123 103 133 133 127 120 124 118 121 129 121 116 122 121 130
 126 113 123 120  78  75  89  89  77  88  82  81  85  81  80  83  76  71
  94  67  84  96 109  96 111 102  98 107  99 104  88  98  94  87  90 102
 107  80  80  81  84  87  76  85  89  75  76  80  88  83  74  73  75  75
  69]
500
405.36638655462184 500 594.6336134453782
10000 398.0
20000 405.0
30000 410.0
40000 410.0
50000 411.0
60000 411.0
70000 411.0
80000 411.0
90000 411.0
100000 413.0
110000 413.0
120000 413.0
130000 413.0
140000 413.0
150000 413.0
160000 413.0
170000 413.0
180000 413.0
190000 413.0
200000 413.0
210000 414.0
220000 414.0
230000 414.0
240000 414.0
250000 414.0
260000 414.0
270000 414.0
280000 414.0
290000 414.0
300000 414.0
310000 414.0
320000 414.0
330000 414.0
340000 414.0
350000 414.0
360000 414.0
370000 414.0
380000 414.0
390000 414.0
400000 414.0
595
[ 75  74  69  66  61  72  63  66  63  74  73  61  76  77  80  60  51  59
  72  69  66  57  73  63  65  60  62  78  54  74  63  73  64  62  69  66
  72  69  74  60  62  68  67  67  70  72  63  69  72  70  63 103 127 112
 109 110 122 118 116 112 123 108 114 113 113 116 122 106  78  84  84  91
  88  91  82  89  92 100  91  92  93  80 100  84  87 102  93  95  95  93
 103 100  89 117  94 104 108  94  98  99 112  93 117 104 120 118 113 117
 128 125 126 126 131 120 118 114 117 103 117 119 106 112  99 101  99 104
 120 107 103 111 110 117 102 103 106 102  87  76  89  99  79  87  85  89
  87  88  98  99  93  99  97 100  78 111  94  97  94  95  89  96  84  82
  99 101  91  88  84  95 101  86  96  94  95 110  98 107  94  94  99 105
  94  96  97  87 110  90  92 114 106 113  97 113 129 124 121 111 114 117
 116 117 104 126 131 113  72  73  75  83  82  85  67  78  61  77  74  82
  85  74  86  79  76 102 116  97 114 102  96 112 108  93 106 114  91 111
 114  99 107  96  65  73  67  65  68  70  67  68  67  73  71  76  62  75
  80  68  70 104  87  93  94  91 111  95  87 109 108 105 111  95  98 103
  94 111 112 105 112 103 112 120 116 109 111 111 130 106 110 108 117 118
 118 100  88  94 112  94 105 114  95 108 108 101 110  98  93 102 103 108
 120 120 116 133 108 118 121 103 124 102 105 121 117 129 115 111 114 108
  94  98  82 108 102 105  95  98  95 100  94 102  96 101 104  99  76  75
  87  73  64  76  82  69  67  70  76  65  70  67  66  57  73  90  97  87
  93  91  91  83  93  91  85  92  90  96  84  88  78  94 104 107 113 131
 109 103 102 112 122 109 114 104 101 114 115 119 118  96  98 104 114 104
 100 110 106 102  98 111 108 111 108 114  99 108  91  96  80  77  91  93
  79  99  86 101  88  96  95  86  85  91  89 118 107 108 112 107 105 105
 102 112 112 113 107  97 112 103  96  96 109 109 107  94 101  95 103  96
 106 109 103 111 105  91  97 104 114  97 102  91  99  96 104 101  95 111
 103 102  96 105 103 104  96 103  75  76  54  65  68  83  78  74  82  73
  74  87  82  77  63  70  75  67  63  63  58  68  72  58  67  58  57  59
  66  63  64  62  61  67 111 108 114 109 120 114 100  96 118  97 111 108
  98 100 112 123 103 133 133 127 120 124 118 121 129 121 116 122 121 130
 126 113 123 120  78  75  89  89  77  88  82  81  85  81  80  83  76  71
  94  67  84  96 109  96 111 102  98 107  99 104  88  98  94  87  90 102
 107  80  80  81  84  87  76  85  89  75  76  80  88  83  74  73  75  75
  69]
500
405.36638655462184 500 594.6336134453782
10000 399.0
20000 404.0
30000 407.0
40000 407.0
50000 411.0
60000 411.0
70000 411.0
80000 411.0
90000 412.0
100000 413.0
110000 415.0
120000 415.0
130000 415.0
140000 417.0
150000 417.0
160000 417.0
170000 417.0
180000 417.0
190000 417.0
200000 417.0
210000 417.0
220000 417.0
230000 421.0
240000 421.0
250000 421.0
260000 421.0
270000 421.0
280000 421.0
290000 421.0
300000 421.0
310000 421.0
320000 421.0
330000 421.0
340000 421.0
350000 421.0
360000 421.0
370000 421.0
380000 421.0
390000 421.0
400000 421.0
595
[ 75  74  69  66  61  72  63  66  63  74  73  61  76  77  80  60  51  59
  72  69  66  57  73  63  65  60  62  78  54  74  63  73  64  62  69  66
  72  69  74  60  62  68  67  67  70  72  63  69  72  70  63 103 127 112
 109 110 122 118 116 112 123 108 114 113 113 116 122 106  78  84  84  91
  88  91  82  89  92 100  91  92  93  80 100  84  87 102  93  95  95  93
 103 100  89 117  94 104 108  94  98  99 112  93 117 104 120 118 113 117
 128 125 126 126 131 120 118 114 117 103 117 119 106 112  99 101  99 104
 120 107 103 111 110 117 102 103 106 102  87  76  89  99  79  87  85  89
  87  88  98  99  93  99  97 100  78 111  94  97  94  95  89  96  84  82
  99 101  91  88  84  95 101  86  96  94  95 110  98 107  94  94  99 105
  94  96  97  87 110  90  92 114 106 113  97 113 129 124 121 111 114 117
 116 117 104 126 131 113  72  73  75  83  82  85  67  78  61  77  74  82
  85  74  86  79  76 102 116  97 114 102  96 112 108  93 106 114  91 111
 114  99 107  96  65  73  67  65  68  70  67  68  67  73  71  76  62  75
  80  68  70 104  87  93  94  91 111  95  87 109 108 105 111  95  98 103
  94 111 112 105 112 103 112 120 116 109 111 111 130 106 110 108 117 118
 118 100  88  94 112  94 105 114  95 108 108 101 110  98  93 102 103 108
 120 120 116 133 108 118 121 103 124 102 105 121 117 129 115 111 114 108
  94  98  82 108 102 105  95  98  95 100  94 102  96 101 104  99  76  75
  87  73  64  76  82  69  67  70  76  65  70  67  66  57  73  90  97  87
  93  91  91  83  93  91  85  92  90  96  84  88  78  94 104 107 113 131
 109 103 102 112 122 109 114 104 101 114 115 119 118  96  98 104 114 104
 100 110 106 102  98 111 108 111 108 114  99 108  91  96  80  77  91  93
  79  99  86 101  88  96  95  86  85  91  89 118 107 108 112 107 105 105
 102 112 112 113 107  97 112 103  96  96 109 109 107  94 101  95 103  96
 106 109 103 111 105  91  97 104 114  97 102  91  99  96 104 101  95 111
 103 102  96 105 103 104  96 103  75  76  54  65  68  83  78  74  82  73
  74  87  82  77  63  70  75  67  63  63  58  68  72  58  67  58  57  59
  66  63  64  62  61  67 111 108 114 109 120 114 100  96 118  97 111 108
  98 100 112 123 103 133 133 127 120 124 118 121 129 121 116 122 121 130
 126 113 123 120  78  75  89  89  77  88  82  81  85  81  80  83  76  71
  94  67  84  96 109  96 111 102  98 107  99 104  88  98  94  87  90 102
 107  80  80  81  84  87  76  85  89  75  76  80  88  83  74  73  75  75
  69]
500
405.36638655462184 500 594.6336134453782
10000 402.0
20000 402.0
30000 412.0
40000 412.0
50000 415.0
60000 415.0
70000 415.0
80000 415.0
90000 415.0
100000 418.0
110000 418.0
120000 418.0
130000 418.0
140000 418.0
150000 418.0
160000 418.0
170000 418.0
180000 418.0
190000 418.0
200000 418.0
210000 418.0
220000 418.0
230000 418.0
240000 418.0
250000 419.0
260000 419.0
270000 419.0
280000 419.0
290000 419.0
300000 419.0
310000 419.0
320000 419.0
330000 419.0
340000 419.0
350000 419.0
360000 419.0
370000 419.0
380000 419.0
390000 419.0
400000 419.0

Process finished with exit code 0
