C:\Users\Administrator\AppData\Local\Programs\Python\Python312\python.exe "C:\Users\Administrator\Desktop\EA_submodular\example\MC\tmd这才对 - 副本跑degree+1\MC_POMC.py"
595
[ 75  74  69  66  61  72  63  66  63  74  73  61  76  77  80  60  51  59
  72  69  66  57  73  63  65  60  62  78  54  74  63  73  64  62  69  66
  72  69  74  60  62  68  67  67  70  72  63  69  72  70  63 103 127 112
 109 110 122 118 116 112 123 108 114 113 113 116 122 106  78  84  84  91
  88  91  82  89  92 100  91  92  93  80 100  84  87 102  93  95  95  93
 103 100  89 117  94 104 108  94  98  99 112  93 117 104 120 118 113 117
 128 125 126 126 131 120 118 114 117 103 117 119 106 112  99 101  99 104
 120 107 103 111 110 117 102 103 106 102  87  76  89  99  79  87  85  89
  87  88  98  99  93  99  97 100  78 111  94  97  94  95  89  96  84  82
  99 101  91  88  84  95 101  86  96  94  95 110  98 107  94  94  99 105
  94  96  97  87 110  90  92 114 106 113  97 113 129 124 121 111 114 117
 116 117 104 126 131 113  72  73  75  83  82  85  67  78  61  77  74  82
  85  74  86  79  76 102 116  97 114 102  96 112 108  93 106 114  91 111
 114  99 107  96  65  73  67  65  68  70  67  68  67  73  71  76  62  75
  80  68  70 104  87  93  94  91 111  95  87 109 108 105 111  95  98 103
  94 111 112 105 112 103 112 120 116 109 111 111 130 106 110 108 117 118
 118 100  88  94 112  94 105 114  95 108 108 101 110  98  93 102 103 108
 120 120 116 133 108 118 121 103 124 102 105 121 117 129 115 111 114 108
  94  98  82 108 102 105  95  98  95 100  94 102  96 101 104  99  76  75
  87  73  64  76  82  69  67  70  76  65  70  67  66  57  73  90  97  87
  93  91  91  83  93  91  85  92  90  96  84  88  78  94 104 107 113 131
 109 103 102 112 122 109 114 104 101 114 115 119 118  96  98 104 114 104
 100 110 106 102  98 111 108 111 108 114  99 108  91  96  80  77  91  93
  79  99  86 101  88  96  95  86  85  91  89 118 107 108 112 107 105 105
 102 112 112 113 107  97 112 103  96  96 109 109 107  94 101  95 103  96
 106 109 103 111 105  91  97 104 114  97 102  91  99  96 104 101  95 111
 103 102  96 105 103 104  96 103  75  76  54  65  68  83  78  74  82  73
  74  87  82  77  63  70  75  67  63  63  58  68  72  58  67  58  57  59
  66  63  64  62  61  67 111 108 114 109 120 114 100  96 118  97 111 108
  98 100 112 123 103 133 133 127 120 124 118 121 129 121 116 122 121 130
 126 113 123 120  78  75  89  89  77  88  82  81  85  81  80  83  76  71
  94  67  84  96 109  96 111 102  98 107  99 104  88  98  94  87  90 102
 107  80  80  81  84  87  76  85  89  75  76  80  88  83  74  73  75  75
  69]
56307
94.63361344537815
51
133
B 500
F!!!
20.0 s
10000 f c pop [[393. 487.]] 154 || 5
40.0 s
20000 f c pop [[409. 494.]] 184 || 6
61.0 s
30000 f c pop [[409. 494.]] 200 || 6
82.0 s
40000 f c pop [[409. 494.]] 228 || 6
105.0 s
50000 f c pop [[409. 494.]] 244 || 6
127.0 s
60000 f c pop [[413. 487.]] 236 || 6
148.0 s
70000 f c pop [[413. 487.]] 239 || 6
171.0 s
80000 f c pop [[413. 487.]] 237 || 6
193.0 s
90000 f c pop [[413. 487.]] 243 || 6
215.0 s
100000 f c pop [[413. 487.]] 242 || 6
237.0 s
110000 f c pop [[413. 487.]] 245 || 6
259.0 s
120000 f c pop [[413. 487.]] 234 || 6
282.0 s
130000 f c pop [[413. 487.]] 241 || 6
304.0 s
140000 f c pop [[413. 487.]] 248 || 6
328.0 s
150000 f c pop [[413. 487.]] 248 || 6
361.0 s
160000 f c pop [[413. 487.]] 250 || 6
385.0 s
170000 f c pop [[413. 487.]] 251 || 6
407.0 s
180000 f c pop [[413. 487.]] 257 || 6
430.0 s
190000 f c pop [[413. 487.]] 263 || 6
452.0 s
200000 f c pop [[413. 487.]] 258 || 6
477.0 s
210000 f c pop [[414. 497.]] 256 || 6
502.0 s
220000 f c pop [[414. 497.]] 261 || 6
530.0 s
230000 f c pop [[414. 497.]] 267 || 6
555.0 s
240000 f c pop [[416. 490.]] 266 || 6
580.0 s
250000 f c pop [[418. 486.]] 268 || 6
608.0 s
260000 f c pop [[418. 486.]] 274 || 6
632.0 s
270000 f c pop [[418. 486.]] 280 || 6
654.0 s
280000 f c pop [[419. 490.]] 280 || 6
679.0 s
290000 f c pop [[419. 490.]] 283 || 6
702.0 s
300000 f c pop [[419. 490.]] 287 || 6
726.0 s
310000 f c pop [[419. 490.]] 286 || 6
750.0 s
320000 f c pop [[419. 490.]] 286 || 6
772.0 s
330000 f c pop [[419. 490.]] 291 || 6
799.0 s
340000 f c pop [[419. 490.]] 289 || 6
846.0 s
350000 f c pop [[419. 490.]] 289 || 6
893.0 s
360000 f c pop [[419. 490.]] 290 || 6
945.0 s
370000 f c pop [[419. 490.]] 289 || 6
996.0 s
380000 f c pop [[419. 490.]] 289 || 6
1051.0 s
390000 f c pop [[419. 490.]] 295 || 6
419.0
595
[ 75  74  69  66  61  72  63  66  63  74  73  61  76  77  80  60  51  59
  72  69  66  57  73  63  65  60  62  78  54  74  63  73  64  62  69  66
  72  69  74  60  62  68  67  67  70  72  63  69  72  70  63 103 127 112
 109 110 122 118 116 112 123 108 114 113 113 116 122 106  78  84  84  91
  88  91  82  89  92 100  91  92  93  80 100  84  87 102  93  95  95  93
 103 100  89 117  94 104 108  94  98  99 112  93 117 104 120 118 113 117
 128 125 126 126 131 120 118 114 117 103 117 119 106 112  99 101  99 104
 120 107 103 111 110 117 102 103 106 102  87  76  89  99  79  87  85  89
  87  88  98  99  93  99  97 100  78 111  94  97  94  95  89  96  84  82
  99 101  91  88  84  95 101  86  96  94  95 110  98 107  94  94  99 105
  94  96  97  87 110  90  92 114 106 113  97 113 129 124 121 111 114 117
 116 117 104 126 131 113  72  73  75  83  82  85  67  78  61  77  74  82
  85  74  86  79  76 102 116  97 114 102  96 112 108  93 106 114  91 111
 114  99 107  96  65  73  67  65  68  70  67  68  67  73  71  76  62  75
  80  68  70 104  87  93  94  91 111  95  87 109 108 105 111  95  98 103
  94 111 112 105 112 103 112 120 116 109 111 111 130 106 110 108 117 118
 118 100  88  94 112  94 105 114  95 108 108 101 110  98  93 102 103 108
 120 120 116 133 108 118 121 103 124 102 105 121 117 129 115 111 114 108
  94  98  82 108 102 105  95  98  95 100  94 102  96 101 104  99  76  75
  87  73  64  76  82  69  67  70  76  65  70  67  66  57  73  90  97  87
  93  91  91  83  93  91  85  92  90  96  84  88  78  94 104 107 113 131
 109 103 102 112 122 109 114 104 101 114 115 119 118  96  98 104 114 104
 100 110 106 102  98 111 108 111 108 114  99 108  91  96  80  77  91  93
  79  99  86 101  88  96  95  86  85  91  89 118 107 108 112 107 105 105
 102 112 112 113 107  97 112 103  96  96 109 109 107  94 101  95 103  96
 106 109 103 111 105  91  97 104 114  97 102  91  99  96 104 101  95 111
 103 102  96 105 103 104  96 103  75  76  54  65  68  83  78  74  82  73
  74  87  82  77  63  70  75  67  63  63  58  68  72  58  67  58  57  59
  66  63  64  62  61  67 111 108 114 109 120 114 100  96 118  97 111 108
  98 100 112 123 103 133 133 127 120 124 118 121 129 121 116 122 121 130
 126 113 123 120  78  75  89  89  77  88  82  81  85  81  80  83  76  71
  94  67  84  96 109  96 111 102  98 107  99 104  88  98  94  87  90 102
 107  80  80  81  84  87  76  85  89  75  76  80  88  83  74  73  75  75
  69]
56307
94.63361344537815
51
133
B 500
F!!!
40.0 s
10000 f c pop [[397. 497.]] 153 || 5
80.0 s
20000 f c pop [[399. 500.]] 192 || 6
119.0 s
30000 f c pop [[403. 496.]] 205 || 6
142.0 s
40000 f c pop [[403. 496.]] 218 || 6
177.0 s
50000 f c pop [[403. 496.]] 233 || 6
210.0 s
60000 f c pop [[404. 498.]] 235 || 6
233.0 s
70000 f c pop [[404. 498.]] 249 || 6
256.0 s
80000 f c pop [[410. 485.]] 246 || 6
280.0 s
90000 f c pop [[410. 485.]] 247 || 6
303.0 s
100000 f c pop [[410. 485.]] 242 || 6
327.0 s
110000 f c pop [[417. 487.]] 245 || 6
349.0 s
120000 f c pop [[417. 487.]] 240 || 6
372.0 s
130000 f c pop [[417. 487.]] 244 || 6
396.0 s
140000 f c pop [[417. 487.]] 254 || 6
419.0 s
150000 f c pop [[417. 487.]] 264 || 6
443.0 s
160000 f c pop [[417. 487.]] 266 || 6
467.0 s
170000 f c pop [[417. 487.]] 266 || 6
490.0 s
180000 f c pop [[417. 487.]] 268 || 6
515.0 s
190000 f c pop [[417. 487.]] 267 || 6
539.0 s
200000 f c pop [[417. 487.]] 266 || 6
562.0 s
210000 f c pop [[417. 487.]] 270 || 6
586.0 s
220000 f c pop [[417. 487.]] 270 || 6
610.0 s
230000 f c pop [[417. 487.]] 266 || 6
635.0 s
240000 f c pop [[417. 487.]] 274 || 6
659.0 s
250000 f c pop [[417. 487.]] 269 || 6
683.0 s
260000 f c pop [[417. 487.]] 267 || 6
707.0 s
270000 f c pop [[417. 487.]] 273 || 6
731.0 s
280000 f c pop [[417. 487.]] 278 || 6
755.0 s
290000 f c pop [[417. 487.]] 281 || 6
778.0 s
300000 f c pop [[417. 487.]] 285 || 6
802.0 s
310000 f c pop [[417. 487.]] 289 || 6
825.0 s
320000 f c pop [[417. 487.]] 288 || 6
849.0 s
330000 f c pop [[417. 487.]] 285 || 6
873.0 s
340000 f c pop [[417. 487.]] 284 || 6
896.0 s
350000 f c pop [[417. 487.]] 286 || 6
919.0 s
360000 f c pop [[417. 487.]] 287 || 6
942.0 s
370000 f c pop [[417. 487.]] 289 || 6
965.0 s
380000 f c pop [[417. 487.]] 287 || 6
989.0 s
390000 f c pop [[417. 487.]] 286 || 6
417.0
595
[ 75  74  69  66  61  72  63  66  63  74  73  61  76  77  80  60  51  59
  72  69  66  57  73  63  65  60  62  78  54  74  63  73  64  62  69  66
  72  69  74  60  62  68  67  67  70  72  63  69  72  70  63 103 127 112
 109 110 122 118 116 112 123 108 114 113 113 116 122 106  78  84  84  91
  88  91  82  89  92 100  91  92  93  80 100  84  87 102  93  95  95  93
 103 100  89 117  94 104 108  94  98  99 112  93 117 104 120 118 113 117
 128 125 126 126 131 120 118 114 117 103 117 119 106 112  99 101  99 104
 120 107 103 111 110 117 102 103 106 102  87  76  89  99  79  87  85  89
  87  88  98  99  93  99  97 100  78 111  94  97  94  95  89  96  84  82
  99 101  91  88  84  95 101  86  96  94  95 110  98 107  94  94  99 105
  94  96  97  87 110  90  92 114 106 113  97 113 129 124 121 111 114 117
 116 117 104 126 131 113  72  73  75  83  82  85  67  78  61  77  74  82
  85  74  86  79  76 102 116  97 114 102  96 112 108  93 106 114  91 111
 114  99 107  96  65  73  67  65  68  70  67  68  67  73  71  76  62  75
  80  68  70 104  87  93  94  91 111  95  87 109 108 105 111  95  98 103
  94 111 112 105 112 103 112 120 116 109 111 111 130 106 110 108 117 118
 118 100  88  94 112  94 105 114  95 108 108 101 110  98  93 102 103 108
 120 120 116 133 108 118 121 103 124 102 105 121 117 129 115 111 114 108
  94  98  82 108 102 105  95  98  95 100  94 102  96 101 104  99  76  75
  87  73  64  76  82  69  67  70  76  65  70  67  66  57  73  90  97  87
  93  91  91  83  93  91  85  92  90  96  84  88  78  94 104 107 113 131
 109 103 102 112 122 109 114 104 101 114 115 119 118  96  98 104 114 104
 100 110 106 102  98 111 108 111 108 114  99 108  91  96  80  77  91  93
  79  99  86 101  88  96  95  86  85  91  89 118 107 108 112 107 105 105
 102 112 112 113 107  97 112 103  96  96 109 109 107  94 101  95 103  96
 106 109 103 111 105  91  97 104 114  97 102  91  99  96 104 101  95 111
 103 102  96 105 103 104  96 103  75  76  54  65  68  83  78  74  82  73
  74  87  82  77  63  70  75  67  63  63  58  68  72  58  67  58  57  59
  66  63  64  62  61  67 111 108 114 109 120 114 100  96 118  97 111 108
  98 100 112 123 103 133 133 127 120 124 118 121 129 121 116 122 121 130
 126 113 123 120  78  75  89  89  77  88  82  81  85  81  80  83  76  71
  94  67  84  96 109  96 111 102  98 107  99 104  88  98  94  87  90 102
 107  80  80  81  84  87  76  85  89  75  76  80  88  83  74  73  75  75
  69]
56307
94.63361344537815
51
133
B 500
F!!!
19.0 s
10000 f c pop [[394. 499.]] 169 || 5
40.0 s
20000 f c pop [[398. 492.]] 199 || 6
62.0 s
30000 f c pop [[401. 489.]] 203 || 6
83.0 s
40000 f c pop [[401. 489.]] 219 || 6
106.0 s
50000 f c pop [[405. 487.]] 235 || 6
128.0 s
60000 f c pop [[414. 496.]] 233 || 6
152.0 s
70000 f c pop [[414. 496.]] 241 || 6
174.0 s
80000 f c pop [[414. 496.]] 239 || 6
197.0 s
90000 f c pop [[414. 496.]] 252 || 6
220.0 s
100000 f c pop [[414. 496.]] 260 || 6
242.0 s
110000 f c pop [[414. 496.]] 258 || 6
266.0 s
120000 f c pop [[414. 496.]] 266 || 6
290.0 s
130000 f c pop [[414. 496.]] 269 || 6
313.0 s
140000 f c pop [[414. 496.]] 272 || 6
336.0 s
150000 f c pop [[414. 496.]] 271 || 6
359.0 s
160000 f c pop [[414. 496.]] 277 || 6
382.0 s
170000 f c pop [[414. 496.]] 288 || 6
405.0 s
180000 f c pop [[414. 496.]] 285 || 6
429.0 s
190000 f c pop [[414. 496.]] 289 || 6
453.0 s
200000 f c pop [[414. 496.]] 288 || 6
476.0 s
210000 f c pop [[414. 496.]] 286 || 6
500.0 s
220000 f c pop [[414. 496.]] 279 || 6
523.0 s
230000 f c pop [[414. 496.]] 275 || 6
546.0 s
240000 f c pop [[414. 496.]] 274 || 6
570.0 s
250000 f c pop [[414. 496.]] 273 || 6
593.0 s
260000 f c pop [[414. 496.]] 277 || 6
618.0 s
270000 f c pop [[414. 496.]] 279 || 6
642.0 s
280000 f c pop [[414. 496.]] 279 || 6
666.0 s
290000 f c pop [[414. 496.]] 281 || 6
690.0 s
300000 f c pop [[414. 496.]] 282 || 6
713.0 s
310000 f c pop [[414. 496.]] 284 || 6
737.0 s
320000 f c pop [[414. 496.]] 285 || 6
760.0 s
330000 f c pop [[414. 496.]] 286 || 6
784.0 s
340000 f c pop [[414. 496.]] 289 || 6
808.0 s
350000 f c pop [[414. 496.]] 292 || 6
833.0 s
360000 f c pop [[414. 496.]] 293 || 6
859.0 s
370000 f c pop [[414. 496.]] 293 || 6
884.0 s
380000 f c pop [[414. 496.]] 295 || 6
909.0 s
390000 f c pop [[414. 496.]] 294 || 6
414.0
595
[ 75  74  69  66  61  72  63  66  63  74  73  61  76  77  80  60  51  59
  72  69  66  57  73  63  65  60  62  78  54  74  63  73  64  62  69  66
  72  69  74  60  62  68  67  67  70  72  63  69  72  70  63 103 127 112
 109 110 122 118 116 112 123 108 114 113 113 116 122 106  78  84  84  91
  88  91  82  89  92 100  91  92  93  80 100  84  87 102  93  95  95  93
 103 100  89 117  94 104 108  94  98  99 112  93 117 104 120 118 113 117
 128 125 126 126 131 120 118 114 117 103 117 119 106 112  99 101  99 104
 120 107 103 111 110 117 102 103 106 102  87  76  89  99  79  87  85  89
  87  88  98  99  93  99  97 100  78 111  94  97  94  95  89  96  84  82
  99 101  91  88  84  95 101  86  96  94  95 110  98 107  94  94  99 105
  94  96  97  87 110  90  92 114 106 113  97 113 129 124 121 111 114 117
 116 117 104 126 131 113  72  73  75  83  82  85  67  78  61  77  74  82
  85  74  86  79  76 102 116  97 114 102  96 112 108  93 106 114  91 111
 114  99 107  96  65  73  67  65  68  70  67  68  67  73  71  76  62  75
  80  68  70 104  87  93  94  91 111  95  87 109 108 105 111  95  98 103
  94 111 112 105 112 103 112 120 116 109 111 111 130 106 110 108 117 118
 118 100  88  94 112  94 105 114  95 108 108 101 110  98  93 102 103 108
 120 120 116 133 108 118 121 103 124 102 105 121 117 129 115 111 114 108
  94  98  82 108 102 105  95  98  95 100  94 102  96 101 104  99  76  75
  87  73  64  76  82  69  67  70  76  65  70  67  66  57  73  90  97  87
  93  91  91  83  93  91  85  92  90  96  84  88  78  94 104 107 113 131
 109 103 102 112 122 109 114 104 101 114 115 119 118  96  98 104 114 104
 100 110 106 102  98 111 108 111 108 114  99 108  91  96  80  77  91  93
  79  99  86 101  88  96  95  86  85  91  89 118 107 108 112 107 105 105
 102 112 112 113 107  97 112 103  96  96 109 109 107  94 101  95 103  96
 106 109 103 111 105  91  97 104 114  97 102  91  99  96 104 101  95 111
 103 102  96 105 103 104  96 103  75  76  54  65  68  83  78  74  82  73
  74  87  82  77  63  70  75  67  63  63  58  68  72  58  67  58  57  59
  66  63  64  62  61  67 111 108 114 109 120 114 100  96 118  97 111 108
  98 100 112 123 103 133 133 127 120 124 118 121 129 121 116 122 121 130
 126 113 123 120  78  75  89  89  77  88  82  81  85  81  80  83  76  71
  94  67  84  96 109  96 111 102  98 107  99 104  88  98  94  87  90 102
 107  80  80  81  84  87  76  85  89  75  76  80  88  83  74  73  75  75
  69]
56307
94.63361344537815
51
133
B 500
F!!!
18.0 s
10000 f c pop [[398. 497.]] 144 || 6
38.0 s
20000 f c pop [[399. 500.]] 182 || 6
58.0 s
30000 f c pop [[401. 500.]] 204 || 5
79.0 s
40000 f c pop [[408. 497.]] 216 || 6
101.0 s
50000 f c pop [[408. 497.]] 219 || 6
125.0 s
60000 f c pop [[408. 497.]] 222 || 6
148.0 s
70000 f c pop [[409. 489.]] 224 || 6
171.0 s
80000 f c pop [[409. 489.]] 237 || 6
195.0 s
90000 f c pop [[409. 489.]] 248 || 6
221.0 s
100000 f c pop [[409. 489.]] 260 || 6
245.0 s
110000 f c pop [[409. 489.]] 258 || 6
269.0 s
120000 f c pop [[409. 489.]] 263 || 6
292.0 s
130000 f c pop [[409. 489.]] 264 || 6
316.0 s
140000 f c pop [[411. 498.]] 278 || 6
339.0 s
150000 f c pop [[411. 498.]] 283 || 6
362.0 s
160000 f c pop [[411. 498.]] 287 || 6
386.0 s
170000 f c pop [[411. 498.]] 286 || 6
410.0 s
180000 f c pop [[411. 498.]] 291 || 6
436.0 s
190000 f c pop [[411. 498.]] 287 || 6
459.0 s
200000 f c pop [[411. 498.]] 292 || 6
485.0 s
210000 f c pop [[412. 493.]] 293 || 6
511.0 s
220000 f c pop [[412. 493.]] 291 || 6
536.0 s
230000 f c pop [[412. 493.]] 291 || 6
562.0 s
240000 f c pop [[412. 493.]] 292 || 6
588.0 s
250000 f c pop [[412. 493.]] 297 || 6
612.0 s
260000 f c pop [[412. 493.]] 294 || 6
636.0 s
270000 f c pop [[412. 493.]] 298 || 6
660.0 s
280000 f c pop [[412. 493.]] 294 || 6
684.0 s
290000 f c pop [[412. 493.]] 300 || 6
708.0 s
300000 f c pop [[412. 493.]] 301 || 6
731.0 s
310000 f c pop [[412. 493.]] 303 || 6
755.0 s
320000 f c pop [[412. 493.]] 303 || 6
779.0 s
330000 f c pop [[412. 493.]] 304 || 6
803.0 s
340000 f c pop [[412. 493.]] 303 || 6
827.0 s
350000 f c pop [[412. 493.]] 300 || 6
851.0 s
360000 f c pop [[413. 488.]] 301 || 6
876.0 s
370000 f c pop [[413. 488.]] 303 || 6
899.0 s
380000 f c pop [[413. 488.]] 307 || 6
923.0 s
390000 f c pop [[413. 488.]] 308 || 6
413.0
595
[ 75  74  69  66  61  72  63  66  63  74  73  61  76  77  80  60  51  59
  72  69  66  57  73  63  65  60  62  78  54  74  63  73  64  62  69  66
  72  69  74  60  62  68  67  67  70  72  63  69  72  70  63 103 127 112
 109 110 122 118 116 112 123 108 114 113 113 116 122 106  78  84  84  91
  88  91  82  89  92 100  91  92  93  80 100  84  87 102  93  95  95  93
 103 100  89 117  94 104 108  94  98  99 112  93 117 104 120 118 113 117
 128 125 126 126 131 120 118 114 117 103 117 119 106 112  99 101  99 104
 120 107 103 111 110 117 102 103 106 102  87  76  89  99  79  87  85  89
  87  88  98  99  93  99  97 100  78 111  94  97  94  95  89  96  84  82
  99 101  91  88  84  95 101  86  96  94  95 110  98 107  94  94  99 105
  94  96  97  87 110  90  92 114 106 113  97 113 129 124 121 111 114 117
 116 117 104 126 131 113  72  73  75  83  82  85  67  78  61  77  74  82
  85  74  86  79  76 102 116  97 114 102  96 112 108  93 106 114  91 111
 114  99 107  96  65  73  67  65  68  70  67  68  67  73  71  76  62  75
  80  68  70 104  87  93  94  91 111  95  87 109 108 105 111  95  98 103
  94 111 112 105 112 103 112 120 116 109 111 111 130 106 110 108 117 118
 118 100  88  94 112  94 105 114  95 108 108 101 110  98  93 102 103 108
 120 120 116 133 108 118 121 103 124 102 105 121 117 129 115 111 114 108
  94  98  82 108 102 105  95  98  95 100  94 102  96 101 104  99  76  75
  87  73  64  76  82  69  67  70  76  65  70  67  66  57  73  90  97  87
  93  91  91  83  93  91  85  92  90  96  84  88  78  94 104 107 113 131
 109 103 102 112 122 109 114 104 101 114 115 119 118  96  98 104 114 104
 100 110 106 102  98 111 108 111 108 114  99 108  91  96  80  77  91  93
  79  99  86 101  88  96  95  86  85  91  89 118 107 108 112 107 105 105
 102 112 112 113 107  97 112 103  96  96 109 109 107  94 101  95 103  96
 106 109 103 111 105  91  97 104 114  97 102  91  99  96 104 101  95 111
 103 102  96 105 103 104  96 103  75  76  54  65  68  83  78  74  82  73
  74  87  82  77  63  70  75  67  63  63  58  68  72  58  67  58  57  59
  66  63  64  62  61  67 111 108 114 109 120 114 100  96 118  97 111 108
  98 100 112 123 103 133 133 127 120 124 118 121 129 121 116 122 121 130
 126 113 123 120  78  75  89  89  77  88  82  81  85  81  80  83  76  71
  94  67  84  96 109  96 111 102  98 107  99 104  88  98  94  87  90 102
 107  80  80  81  84  87  76  85  89  75  76  80  88  83  74  73  75  75
  69]
56307
94.63361344537815
51
133
B 500
F!!!
19.0 s
10000 f c pop [[393. 493.]] 168 || 6
44.0 s
20000 f c pop [[399. 498.]] 196 || 6
85.0 s
30000 f c pop [[408. 496.]] 206 || 5
128.0 s
40000 f c pop [[408. 496.]] 221 || 5
169.0 s
50000 f c pop [[408. 496.]] 226 || 5
212.0 s
60000 f c pop [[408. 496.]] 241 || 5
239.0 s
70000 f c pop [[410. 500.]] 248 || 6
263.0 s
80000 f c pop [[410. 500.]] 249 || 6
286.0 s
90000 f c pop [[410. 500.]] 253 || 6
308.0 s
100000 f c pop [[410. 500.]] 252 || 6
331.0 s
110000 f c pop [[410. 500.]] 249 || 6
356.0 s
120000 f c pop [[410. 500.]] 254 || 6
381.0 s
130000 f c pop [[410. 500.]] 253 || 6
404.0 s
140000 f c pop [[410. 500.]] 253 || 6
428.0 s
150000 f c pop [[410. 500.]] 252 || 6
451.0 s
160000 f c pop [[410. 500.]] 257 || 6
476.0 s
170000 f c pop [[410. 500.]] 261 || 6
499.0 s
180000 f c pop [[410. 500.]] 268 || 6
525.0 s
190000 f c pop [[410. 500.]] 272 || 6
549.0 s
200000 f c pop [[410. 500.]] 276 || 6
573.0 s
210000 f c pop [[410. 500.]] 274 || 6
596.0 s
220000 f c pop [[410. 500.]] 271 || 6
620.0 s
230000 f c pop [[410. 500.]] 274 || 6
644.0 s
240000 f c pop [[410. 500.]] 272 || 6
668.0 s
250000 f c pop [[410. 500.]] 271 || 6
691.0 s
260000 f c pop [[410. 500.]] 277 || 6
715.0 s
270000 f c pop [[410. 500.]] 278 || 6
739.0 s
280000 f c pop [[412. 500.]] 276 || 5
763.0 s
290000 f c pop [[412. 500.]] 278 || 5
787.0 s
300000 f c pop [[412. 500.]] 281 || 5
812.0 s
310000 f c pop [[412. 500.]] 287 || 5
837.0 s
320000 f c pop [[412. 500.]] 290 || 5
861.0 s
330000 f c pop [[412. 498.]] 293 || 6
885.0 s
340000 f c pop [[412. 498.]] 293 || 6
909.0 s
350000 f c pop [[412. 498.]] 295 || 6
932.0 s
360000 f c pop [[414. 498.]] 292 || 7
956.0 s
370000 f c pop [[414. 498.]] 292 || 7
980.0 s
380000 f c pop [[414. 498.]] 293 || 7
1003.0 s
390000 f c pop [[414. 498.]] 290 || 7
414.0
595
[ 75  74  69  66  61  72  63  66  63  74  73  61  76  77  80  60  51  59
  72  69  66  57  73  63  65  60  62  78  54  74  63  73  64  62  69  66
  72  69  74  60  62  68  67  67  70  72  63  69  72  70  63 103 127 112
 109 110 122 118 116 112 123 108 114 113 113 116 122 106  78  84  84  91
  88  91  82  89  92 100  91  92  93  80 100  84  87 102  93  95  95  93
 103 100  89 117  94 104 108  94  98  99 112  93 117 104 120 118 113 117
 128 125 126 126 131 120 118 114 117 103 117 119 106 112  99 101  99 104
 120 107 103 111 110 117 102 103 106 102  87  76  89  99  79  87  85  89
  87  88  98  99  93  99  97 100  78 111  94  97  94  95  89  96  84  82
  99 101  91  88  84  95 101  86  96  94  95 110  98 107  94  94  99 105
  94  96  97  87 110  90  92 114 106 113  97 113 129 124 121 111 114 117
 116 117 104 126 131 113  72  73  75  83  82  85  67  78  61  77  74  82
  85  74  86  79  76 102 116  97 114 102  96 112 108  93 106 114  91 111
 114  99 107  96  65  73  67  65  68  70  67  68  67  73  71  76  62  75
  80  68  70 104  87  93  94  91 111  95  87 109 108 105 111  95  98 103
  94 111 112 105 112 103 112 120 116 109 111 111 130 106 110 108 117 118
 118 100  88  94 112  94 105 114  95 108 108 101 110  98  93 102 103 108
 120 120 116 133 108 118 121 103 124 102 105 121 117 129 115 111 114 108
  94  98  82 108 102 105  95  98  95 100  94 102  96 101 104  99  76  75
  87  73  64  76  82  69  67  70  76  65  70  67  66  57  73  90  97  87
  93  91  91  83  93  91  85  92  90  96  84  88  78  94 104 107 113 131
 109 103 102 112 122 109 114 104 101 114 115 119 118  96  98 104 114 104
 100 110 106 102  98 111 108 111 108 114  99 108  91  96  80  77  91  93
  79  99  86 101  88  96  95  86  85  91  89 118 107 108 112 107 105 105
 102 112 112 113 107  97 112 103  96  96 109 109 107  94 101  95 103  96
 106 109 103 111 105  91  97 104 114  97 102  91  99  96 104 101  95 111
 103 102  96 105 103 104  96 103  75  76  54  65  68  83  78  74  82  73
  74  87  82  77  63  70  75  67  63  63  58  68  72  58  67  58  57  59
  66  63  64  62  61  67 111 108 114 109 120 114 100  96 118  97 111 108
  98 100 112 123 103 133 133 127 120 124 118 121 129 121 116 122 121 130
 126 113 123 120  78  75  89  89  77  88  82  81  85  81  80  83  76  71
  94  67  84  96 109  96 111 102  98 107  99 104  88  98  94  87  90 102
 107  80  80  81  84  87  76  85  89  75  76  80  88  83  74  73  75  75
  69]
56307
94.63361344537815
51
133
B 500
F!!!
20.0 s
10000 f c pop [[395. 499.]] 166 || 6
40.0 s
20000 f c pop [[405. 498.]] 189 || 6
61.0 s
30000 f c pop [[405. 498.]] 204 || 6
82.0 s
40000 f c pop [[405. 498.]] 206 || 6
104.0 s
50000 f c pop [[405. 498.]] 216 || 6
125.0 s
60000 f c pop [[405. 498.]] 229 || 6
147.0 s
70000 f c pop [[405. 498.]] 233 || 6
171.0 s
80000 f c pop [[405. 498.]] 248 || 6
194.0 s
90000 f c pop [[405. 498.]] 253 || 6
217.0 s
100000 f c pop [[405. 498.]] 252 || 6
239.0 s
110000 f c pop [[405. 498.]] 254 || 6
262.0 s
120000 f c pop [[406. 500.]] 259 || 6
285.0 s
130000 f c pop [[406. 498.]] 263 || 6
308.0 s
140000 f c pop [[406. 498.]] 268 || 6
331.0 s
150000 f c pop [[406. 498.]] 259 || 6
354.0 s
160000 f c pop [[407. 493.]] 261 || 6
376.0 s
170000 f c pop [[409. 497.]] 263 || 7
399.0 s
180000 f c pop [[409. 497.]] 267 || 7
422.0 s
190000 f c pop [[413. 497.]] 269 || 6
445.0 s
200000 f c pop [[413. 497.]] 274 || 6
467.0 s
210000 f c pop [[413. 497.]] 276 || 6
491.0 s
220000 f c pop [[413. 497.]] 279 || 6
514.0 s
230000 f c pop [[413. 497.]] 275 || 6
537.0 s
240000 f c pop [[413. 497.]] 277 || 6
560.0 s
250000 f c pop [[413. 497.]] 278 || 6
583.0 s
260000 f c pop [[413. 497.]] 280 || 6
607.0 s
270000 f c pop [[413. 497.]] 286 || 6
630.0 s
280000 f c pop [[413. 497.]] 286 || 6
653.0 s
290000 f c pop [[416. 500.]] 284 || 6
676.0 s
300000 f c pop [[416. 500.]] 284 || 6
699.0 s
310000 f c pop [[416. 500.]] 284 || 6
723.0 s
320000 f c pop [[416. 500.]] 286 || 6
746.0 s
330000 f c pop [[416. 500.]] 287 || 6
769.0 s
340000 f c pop [[416. 500.]] 288 || 6
792.0 s
350000 f c pop [[416. 500.]] 286 || 6
815.0 s
360000 f c pop [[416. 500.]] 288 || 6
838.0 s
370000 f c pop [[416. 500.]] 289 || 6
862.0 s
380000 f c pop [[416. 500.]] 286 || 6
885.0 s
390000 f c pop [[416. 500.]] 287 || 6
416.0
595
[ 75  74  69  66  61  72  63  66  63  74  73  61  76  77  80  60  51  59
  72  69  66  57  73  63  65  60  62  78  54  74  63  73  64  62  69  66
  72  69  74  60  62  68  67  67  70  72  63  69  72  70  63 103 127 112
 109 110 122 118 116 112 123 108 114 113 113 116 122 106  78  84  84  91
  88  91  82  89  92 100  91  92  93  80 100  84  87 102  93  95  95  93
 103 100  89 117  94 104 108  94  98  99 112  93 117 104 120 118 113 117
 128 125 126 126 131 120 118 114 117 103 117 119 106 112  99 101  99 104
 120 107 103 111 110 117 102 103 106 102  87  76  89  99  79  87  85  89
  87  88  98  99  93  99  97 100  78 111  94  97  94  95  89  96  84  82
  99 101  91  88  84  95 101  86  96  94  95 110  98 107  94  94  99 105
  94  96  97  87 110  90  92 114 106 113  97 113 129 124 121 111 114 117
 116 117 104 126 131 113  72  73  75  83  82  85  67  78  61  77  74  82
  85  74  86  79  76 102 116  97 114 102  96 112 108  93 106 114  91 111
 114  99 107  96  65  73  67  65  68  70  67  68  67  73  71  76  62  75
  80  68  70 104  87  93  94  91 111  95  87 109 108 105 111  95  98 103
  94 111 112 105 112 103 112 120 116 109 111 111 130 106 110 108 117 118
 118 100  88  94 112  94 105 114  95 108 108 101 110  98  93 102 103 108
 120 120 116 133 108 118 121 103 124 102 105 121 117 129 115 111 114 108
  94  98  82 108 102 105  95  98  95 100  94 102  96 101 104  99  76  75
  87  73  64  76  82  69  67  70  76  65  70  67  66  57  73  90  97  87
  93  91  91  83  93  91  85  92  90  96  84  88  78  94 104 107 113 131
 109 103 102 112 122 109 114 104 101 114 115 119 118  96  98 104 114 104
 100 110 106 102  98 111 108 111 108 114  99 108  91  96  80  77  91  93
  79  99  86 101  88  96  95  86  85  91  89 118 107 108 112 107 105 105
 102 112 112 113 107  97 112 103  96  96 109 109 107  94 101  95 103  96
 106 109 103 111 105  91  97 104 114  97 102  91  99  96 104 101  95 111
 103 102  96 105 103 104  96 103  75  76  54  65  68  83  78  74  82  73
  74  87  82  77  63  70  75  67  63  63  58  68  72  58  67  58  57  59
  66  63  64  62  61  67 111 108 114 109 120 114 100  96 118  97 111 108
  98 100 112 123 103 133 133 127 120 124 118 121 129 121 116 122 121 130
 126 113 123 120  78  75  89  89  77  88  82  81  85  81  80  83  76  71
  94  67  84  96 109  96 111 102  98 107  99 104  88  98  94  87  90 102
 107  80  80  81  84  87  76  85  89  75  76  80  88  83  74  73  75  75
  69]
56307
94.63361344537815
51
133
B 500
F!!!
19.0 s
10000 f c pop [[396. 499.]] 170 || 6
39.0 s
20000 f c pop [[405. 498.]] 182 || 6
60.0 s
30000 f c pop [[405. 498.]] 204 || 6
81.0 s
40000 f c pop [[409. 499.]] 211 || 6
103.0 s
50000 f c pop [[409. 499.]] 219 || 6
125.0 s
60000 f c pop [[409. 499.]] 217 || 6
146.0 s
70000 f c pop [[409. 499.]] 224 || 6
168.0 s
80000 f c pop [[410. 496.]] 235 || 6
191.0 s
90000 f c pop [[410. 496.]] 241 || 6
213.0 s
100000 f c pop [[410. 496.]] 247 || 6
236.0 s
110000 f c pop [[410. 496.]] 256 || 6
259.0 s
120000 f c pop [[410. 496.]] 264 || 6
281.0 s
130000 f c pop [[410. 496.]] 269 || 6
304.0 s
140000 f c pop [[410. 496.]] 266 || 6
327.0 s
150000 f c pop [[417. 499.]] 272 || 6
350.0 s
160000 f c pop [[417. 499.]] 274 || 6
373.0 s
170000 f c pop [[417. 499.]] 274 || 6
396.0 s
180000 f c pop [[417. 499.]] 280 || 6
420.0 s
190000 f c pop [[417. 499.]] 279 || 6
443.0 s
200000 f c pop [[417. 499.]] 283 || 6
466.0 s
210000 f c pop [[417. 499.]] 283 || 6
489.0 s
220000 f c pop [[417. 499.]] 285 || 6
513.0 s
230000 f c pop [[417. 499.]] 285 || 6
537.0 s
240000 f c pop [[417. 499.]] 282 || 6
561.0 s
250000 f c pop [[417. 499.]] 285 || 6
584.0 s
260000 f c pop [[417. 499.]] 282 || 6
608.0 s
270000 f c pop [[417. 499.]] 278 || 6
631.0 s
280000 f c pop [[417. 499.]] 277 || 6
653.0 s
290000 f c pop [[417. 499.]] 278 || 6
676.0 s
300000 f c pop [[417. 499.]] 279 || 6
699.0 s
310000 f c pop [[417. 499.]] 278 || 6
722.0 s
320000 f c pop [[417. 499.]] 281 || 6
745.0 s
330000 f c pop [[417. 499.]] 285 || 6
768.0 s
340000 f c pop [[417. 499.]] 290 || 6
791.0 s
350000 f c pop [[417. 499.]] 286 || 6
814.0 s
360000 f c pop [[417. 499.]] 290 || 6
837.0 s
370000 f c pop [[417. 499.]] 288 || 6
861.0 s
380000 f c pop [[417. 499.]] 288 || 6
885.0 s
390000 f c pop [[417. 499.]] 290 || 6
417.0
595
[ 75  74  69  66  61  72  63  66  63  74  73  61  76  77  80  60  51  59
  72  69  66  57  73  63  65  60  62  78  54  74  63  73  64  62  69  66
  72  69  74  60  62  68  67  67  70  72  63  69  72  70  63 103 127 112
 109 110 122 118 116 112 123 108 114 113 113 116 122 106  78  84  84  91
  88  91  82  89  92 100  91  92  93  80 100  84  87 102  93  95  95  93
 103 100  89 117  94 104 108  94  98  99 112  93 117 104 120 118 113 117
 128 125 126 126 131 120 118 114 117 103 117 119 106 112  99 101  99 104
 120 107 103 111 110 117 102 103 106 102  87  76  89  99  79  87  85  89
  87  88  98  99  93  99  97 100  78 111  94  97  94  95  89  96  84  82
  99 101  91  88  84  95 101  86  96  94  95 110  98 107  94  94  99 105
  94  96  97  87 110  90  92 114 106 113  97 113 129 124 121 111 114 117
 116 117 104 126 131 113  72  73  75  83  82  85  67  78  61  77  74  82
  85  74  86  79  76 102 116  97 114 102  96 112 108  93 106 114  91 111
 114  99 107  96  65  73  67  65  68  70  67  68  67  73  71  76  62  75
  80  68  70 104  87  93  94  91 111  95  87 109 108 105 111  95  98 103
  94 111 112 105 112 103 112 120 116 109 111 111 130 106 110 108 117 118
 118 100  88  94 112  94 105 114  95 108 108 101 110  98  93 102 103 108
 120 120 116 133 108 118 121 103 124 102 105 121 117 129 115 111 114 108
  94  98  82 108 102 105  95  98  95 100  94 102  96 101 104  99  76  75
  87  73  64  76  82  69  67  70  76  65  70  67  66  57  73  90  97  87
  93  91  91  83  93  91  85  92  90  96  84  88  78  94 104 107 113 131
 109 103 102 112 122 109 114 104 101 114 115 119 118  96  98 104 114 104
 100 110 106 102  98 111 108 111 108 114  99 108  91  96  80  77  91  93
  79  99  86 101  88  96  95  86  85  91  89 118 107 108 112 107 105 105
 102 112 112 113 107  97 112 103  96  96 109 109 107  94 101  95 103  96
 106 109 103 111 105  91  97 104 114  97 102  91  99  96 104 101  95 111
 103 102  96 105 103 104  96 103  75  76  54  65  68  83  78  74  82  73
  74  87  82  77  63  70  75  67  63  63  58  68  72  58  67  58  57  59
  66  63  64  62  61  67 111 108 114 109 120 114 100  96 118  97 111 108
  98 100 112 123 103 133 133 127 120 124 118 121 129 121 116 122 121 130
 126 113 123 120  78  75  89  89  77  88  82  81  85  81  80  83  76  71
  94  67  84  96 109  96 111 102  98 107  99 104  88  98  94  87  90 102
 107  80  80  81  84  87  76  85  89  75  76  80  88  83  74  73  75  75
  69]
56307
94.63361344537815
51
133
B 500
F!!!
19.0 s
10000 f c pop [[398. 497.]] 167 || 6
39.0 s
20000 f c pop [[403. 499.]] 181 || 6
60.0 s
30000 f c pop [[409. 495.]] 204 || 6
82.0 s
40000 f c pop [[409. 495.]] 219 || 6
104.0 s
50000 f c pop [[409. 495.]] 229 || 6
126.0 s
60000 f c pop [[409. 495.]] 241 || 6
148.0 s
70000 f c pop [[409. 495.]] 250 || 6
171.0 s
80000 f c pop [[409. 495.]] 257 || 6
194.0 s
90000 f c pop [[411. 495.]] 256 || 6
216.0 s
100000 f c pop [[411. 495.]] 261 || 6
240.0 s
110000 f c pop [[415. 495.]] 275 || 6
262.0 s
120000 f c pop [[415. 495.]] 275 || 6
286.0 s
130000 f c pop [[415. 495.]] 276 || 6
309.0 s
140000 f c pop [[415. 495.]] 279 || 6
332.0 s
150000 f c pop [[415. 495.]] 282 || 6
355.0 s
160000 f c pop [[415. 495.]] 285 || 6
379.0 s
170000 f c pop [[415. 495.]] 279 || 6
401.0 s
180000 f c pop [[415. 495.]] 280 || 6
424.0 s
190000 f c pop [[415. 495.]] 287 || 6
448.0 s
200000 f c pop [[415. 495.]] 286 || 6
471.0 s
210000 f c pop [[415. 495.]] 282 || 6
493.0 s
220000 f c pop [[415. 495.]] 279 || 6
513.0 s
230000 f c pop [[415. 495.]] 279 || 6
534.0 s
240000 f c pop [[415. 495.]] 285 || 6
554.0 s
250000 f c pop [[415. 495.]] 288 || 6
575.0 s
260000 f c pop [[415. 495.]] 286 || 6
596.0 s
270000 f c pop [[415. 495.]] 279 || 6
616.0 s
280000 f c pop [[415. 495.]] 277 || 6
637.0 s
290000 f c pop [[415. 495.]] 286 || 6
658.0 s
300000 f c pop [[415. 495.]] 284 || 6
678.0 s
310000 f c pop [[415. 495.]] 290 || 6
699.0 s
320000 f c pop [[415. 495.]] 289 || 6
721.0 s
330000 f c pop [[415. 495.]] 292 || 6
742.0 s
340000 f c pop [[415. 495.]] 292 || 6
762.0 s
350000 f c pop [[415. 495.]] 292 || 6
784.0 s
360000 f c pop [[415. 495.]] 289 || 6
806.0 s
370000 f c pop [[415. 495.]] 288 || 6
826.0 s
380000 f c pop [[415. 495.]] 288 || 6
850.0 s
390000 f c pop [[415. 495.]] 290 || 6
415.0
595
[ 75  74  69  66  61  72  63  66  63  74  73  61  76  77  80  60  51  59
  72  69  66  57  73  63  65  60  62  78  54  74  63  73  64  62  69  66
  72  69  74  60  62  68  67  67  70  72  63  69  72  70  63 103 127 112
 109 110 122 118 116 112 123 108 114 113 113 116 122 106  78  84  84  91
  88  91  82  89  92 100  91  92  93  80 100  84  87 102  93  95  95  93
 103 100  89 117  94 104 108  94  98  99 112  93 117 104 120 118 113 117
 128 125 126 126 131 120 118 114 117 103 117 119 106 112  99 101  99 104
 120 107 103 111 110 117 102 103 106 102  87  76  89  99  79  87  85  89
  87  88  98  99  93  99  97 100  78 111  94  97  94  95  89  96  84  82
  99 101  91  88  84  95 101  86  96  94  95 110  98 107  94  94  99 105
  94  96  97  87 110  90  92 114 106 113  97 113 129 124 121 111 114 117
 116 117 104 126 131 113  72  73  75  83  82  85  67  78  61  77  74  82
  85  74  86  79  76 102 116  97 114 102  96 112 108  93 106 114  91 111
 114  99 107  96  65  73  67  65  68  70  67  68  67  73  71  76  62  75
  80  68  70 104  87  93  94  91 111  95  87 109 108 105 111  95  98 103
  94 111 112 105 112 103 112 120 116 109 111 111 130 106 110 108 117 118
 118 100  88  94 112  94 105 114  95 108 108 101 110  98  93 102 103 108
 120 120 116 133 108 118 121 103 124 102 105 121 117 129 115 111 114 108
  94  98  82 108 102 105  95  98  95 100  94 102  96 101 104  99  76  75
  87  73  64  76  82  69  67  70  76  65  70  67  66  57  73  90  97  87
  93  91  91  83  93  91  85  92  90  96  84  88  78  94 104 107 113 131
 109 103 102 112 122 109 114 104 101 114 115 119 118  96  98 104 114 104
 100 110 106 102  98 111 108 111 108 114  99 108  91  96  80  77  91  93
  79  99  86 101  88  96  95  86  85  91  89 118 107 108 112 107 105 105
 102 112 112 113 107  97 112 103  96  96 109 109 107  94 101  95 103  96
 106 109 103 111 105  91  97 104 114  97 102  91  99  96 104 101  95 111
 103 102  96 105 103 104  96 103  75  76  54  65  68  83  78  74  82  73
  74  87  82  77  63  70  75  67  63  63  58  68  72  58  67  58  57  59
  66  63  64  62  61  67 111 108 114 109 120 114 100  96 118  97 111 108
  98 100 112 123 103 133 133 127 120 124 118 121 129 121 116 122 121 130
 126 113 123 120  78  75  89  89  77  88  82  81  85  81  80  83  76  71
  94  67  84  96 109  96 111 102  98 107  99 104  88  98  94  87  90 102
 107  80  80  81  84  87  76  85  89  75  76  80  88  83  74  73  75  75
  69]
56307
94.63361344537815
51
133
B 500
F!!!
17.0 s
10000 f c pop [[398. 494.]] 157 || 6
36.0 s
20000 f c pop [[398. 494.]] 187 || 6
55.0 s
30000 f c pop [[398. 490.]] 202 || 6
74.0 s
40000 f c pop [[401. 499.]] 221 || 6
94.0 s
50000 f c pop [[409. 498.]] 233 || 6
114.0 s
60000 f c pop [[409. 498.]] 247 || 6
135.0 s
70000 f c pop [[409. 496.]] 259 || 6
156.0 s
80000 f c pop [[409. 496.]] 259 || 6
177.0 s
90000 f c pop [[409. 496.]] 258 || 6
198.0 s
100000 f c pop [[409. 496.]] 262 || 6
219.0 s
110000 f c pop [[409. 496.]] 265 || 6
239.0 s
120000 f c pop [[409. 496.]] 266 || 6
260.0 s
130000 f c pop [[409. 496.]] 262 || 6
282.0 s
140000 f c pop [[409. 496.]] 267 || 6
303.0 s
150000 f c pop [[409. 496.]] 269 || 6
324.0 s
160000 f c pop [[410. 500.]] 272 || 6
345.0 s
170000 f c pop [[410. 494.]] 276 || 6
366.0 s
180000 f c pop [[410. 494.]] 284 || 6
388.0 s
190000 f c pop [[414. 495.]] 286 || 6
409.0 s
200000 f c pop [[414. 495.]] 288 || 6
431.0 s
210000 f c pop [[414. 495.]] 286 || 6
452.0 s
220000 f c pop [[414. 495.]] 288 || 6
473.0 s
230000 f c pop [[414. 495.]] 296 || 6
495.0 s
240000 f c pop [[414. 495.]] 289 || 6
516.0 s
250000 f c pop [[414. 495.]] 296 || 6
538.0 s
260000 f c pop [[414. 495.]] 297 || 6
559.0 s
270000 f c pop [[414. 495.]] 296 || 6
580.0 s
280000 f c pop [[414. 495.]] 295 || 6
602.0 s
290000 f c pop [[415. 500.]] 286 || 6
623.0 s
300000 f c pop [[415. 500.]] 287 || 6
645.0 s
310000 f c pop [[415. 500.]] 287 || 6
666.0 s
320000 f c pop [[415. 500.]] 291 || 6
687.0 s
330000 f c pop [[415. 500.]] 293 || 6
711.0 s
340000 f c pop [[415. 500.]] 292 || 6
732.0 s
350000 f c pop [[415. 500.]] 287 || 6
753.0 s
360000 f c pop [[415. 500.]] 283 || 6
774.0 s
370000 f c pop [[415. 500.]] 282 || 6
796.0 s
380000 f c pop [[415. 500.]] 281 || 6
817.0 s
390000 f c pop [[415. 500.]] 286 || 6
415.0
595
[ 75  74  69  66  61  72  63  66  63  74  73  61  76  77  80  60  51  59
  72  69  66  57  73  63  65  60  62  78  54  74  63  73  64  62  69  66
  72  69  74  60  62  68  67  67  70  72  63  69  72  70  63 103 127 112
 109 110 122 118 116 112 123 108 114 113 113 116 122 106  78  84  84  91
  88  91  82  89  92 100  91  92  93  80 100  84  87 102  93  95  95  93
 103 100  89 117  94 104 108  94  98  99 112  93 117 104 120 118 113 117
 128 125 126 126 131 120 118 114 117 103 117 119 106 112  99 101  99 104
 120 107 103 111 110 117 102 103 106 102  87  76  89  99  79  87  85  89
  87  88  98  99  93  99  97 100  78 111  94  97  94  95  89  96  84  82
  99 101  91  88  84  95 101  86  96  94  95 110  98 107  94  94  99 105
  94  96  97  87 110  90  92 114 106 113  97 113 129 124 121 111 114 117
 116 117 104 126 131 113  72  73  75  83  82  85  67  78  61  77  74  82
  85  74  86  79  76 102 116  97 114 102  96 112 108  93 106 114  91 111
 114  99 107  96  65  73  67  65  68  70  67  68  67  73  71  76  62  75
  80  68  70 104  87  93  94  91 111  95  87 109 108 105 111  95  98 103
  94 111 112 105 112 103 112 120 116 109 111 111 130 106 110 108 117 118
 118 100  88  94 112  94 105 114  95 108 108 101 110  98  93 102 103 108
 120 120 116 133 108 118 121 103 124 102 105 121 117 129 115 111 114 108
  94  98  82 108 102 105  95  98  95 100  94 102  96 101 104  99  76  75
  87  73  64  76  82  69  67  70  76  65  70  67  66  57  73  90  97  87
  93  91  91  83  93  91  85  92  90  96  84  88  78  94 104 107 113 131
 109 103 102 112 122 109 114 104 101 114 115 119 118  96  98 104 114 104
 100 110 106 102  98 111 108 111 108 114  99 108  91  96  80  77  91  93
  79  99  86 101  88  96  95  86  85  91  89 118 107 108 112 107 105 105
 102 112 112 113 107  97 112 103  96  96 109 109 107  94 101  95 103  96
 106 109 103 111 105  91  97 104 114  97 102  91  99  96 104 101  95 111
 103 102  96 105 103 104  96 103  75  76  54  65  68  83  78  74  82  73
  74  87  82  77  63  70  75  67  63  63  58  68  72  58  67  58  57  59
  66  63  64  62  61  67 111 108 114 109 120 114 100  96 118  97 111 108
  98 100 112 123 103 133 133 127 120 124 118 121 129 121 116 122 121 130
 126 113 123 120  78  75  89  89  77  88  82  81  85  81  80  83  76  71
  94  67  84  96 109  96 111 102  98 107  99 104  88  98  94  87  90 102
 107  80  80  81  84  87  76  85  89  75  76  80  88  83  74  73  75  75
  69]
56307
94.63361344537815
51
133
B 500
F!!!
17.0 s
10000 f c pop [[391. 495.]] 163 || 6
36.0 s
20000 f c pop [[399. 483.]] 172 || 5
54.0 s
30000 f c pop [[401. 488.]] 197 || 6
73.0 s
40000 f c pop [[403. 500.]] 211 || 6
92.0 s
50000 f c pop [[403. 500.]] 216 || 6
112.0 s
60000 f c pop [[403. 495.]] 233 || 6
132.0 s
70000 f c pop [[409. 497.]] 240 || 6
153.0 s
80000 f c pop [[409. 497.]] 256 || 6
174.0 s
90000 f c pop [[409. 497.]] 250 || 6
195.0 s
100000 f c pop [[411. 496.]] 251 || 6
216.0 s
110000 f c pop [[411. 496.]] 259 || 6
237.0 s
120000 f c pop [[411. 496.]] 265 || 6
258.0 s
130000 f c pop [[411. 496.]] 275 || 6
280.0 s
140000 f c pop [[411. 496.]] 280 || 6
301.0 s
150000 f c pop [[411. 496.]] 281 || 6
322.0 s
160000 f c pop [[412. 491.]] 289 || 6
344.0 s
170000 f c pop [[413. 498.]] 294 || 6
363.0 s
180000 f c pop [[413. 498.]] 292 || 6
383.0 s
190000 f c pop [[413. 498.]] 295 || 6
402.0 s
200000 f c pop [[413. 498.]] 298 || 6
422.0 s
210000 f c pop [[413. 498.]] 298 || 6
441.0 s
220000 f c pop [[413. 498.]] 294 || 6
460.0 s
230000 f c pop [[413. 498.]] 290 || 6
479.0 s
240000 f c pop [[414. 497.]] 284 || 7
498.0 s
250000 f c pop [[414. 497.]] 279 || 7
517.0 s
260000 f c pop [[414. 497.]] 286 || 7
537.0 s
270000 f c pop [[414. 497.]] 292 || 7
556.0 s
280000 f c pop [[414. 497.]] 292 || 7
576.0 s
290000 f c pop [[414. 497.]] 295 || 7
595.0 s
300000 f c pop [[414. 497.]] 293 || 7
615.0 s
310000 f c pop [[414. 497.]] 298 || 7
634.0 s
320000 f c pop [[414. 497.]] 297 || 7
653.0 s
330000 f c pop [[414. 497.]] 298 || 7
673.0 s
340000 f c pop [[414. 497.]] 299 || 7
692.0 s
350000 f c pop [[414. 497.]] 293 || 7
712.0 s
360000 f c pop [[414. 497.]] 294 || 7
731.0 s
370000 f c pop [[414. 497.]] 294 || 7
751.0 s
380000 f c pop [[414. 497.]] 292 || 7
770.0 s
390000 f c pop [[414. 497.]] 294 || 7
414.0

Process finished with exit code 0
