2000
22.6335
4000
22.1471
6000
22.2946
8000
22.0458
10000
22.412
12000
22.2938
14000
22.0638
16000
22.221
18000
23.5674
20000
23.7055
22000
23.2826
24000
23.4905
26000
23.2934
28000
23.557
30000
23.4165
32000
23.4544
34000
23.2401
36000
23.4416
38000
23.6799
40000
22.9827
42000
23.0212
44000
22.9921
46000
22.8142
48000
22.632
50000
22.8831
52000
22.9752
54000
22.9163
56000
22.9246
58000
22.8788
60000
23.2199
62000
23.0338
64000
22.8561
66000
23.0138
68000
23.0521
70000
22.9051
72000
22.8858
74000
22.8375
76000
22.8248
78000
22.8147
80000
22.8495
82000
22.9113
84000
22.7331
86000
22.9542
88000
22.8002
90000
22.7558
92000
22.7801
94000
23.0672
96000
22.9235
98000
22.7739
100000
22.7908
2000
22.1194
4000
22.1577
6000
22.7966
8000
22.8646
10000
22.6694
12000
22.6776
14000
22.8297
16000
22.6417
18000
22.8229
20000
22.6823
22000
22.6574
24000
22.7277
26000
22.6336
28000
22.7452
30000
22.7923
32000
22.6968
34000
23.1354
36000
22.7086
38000
22.6907
40000
22.864
42000
22.7809
44000
22.821
46000
22.7212
48000
22.74
50000
22.8906
52000
22.9599
54000
22.797
56000
22.6772
58000
22.6788
60000
22.8566
62000
22.9131
64000
22.8828
66000
22.937
68000
22.706
70000
22.8349
72000
22.8152
74000
22.8233
76000
22.9939
78000
22.9012
80000
22.8597
82000
22.7412
84000
22.8712
86000
22.6351
88000
22.8601
90000
22.648
92000
22.5005
94000
22.7656
96000
22.9979
98000
22.6792
100000
22.8795
2000
21.7698
4000
22.7035
6000
22.1592
8000
22.0869
10000
23.4032
12000
23.3475
14000
23.2935
16000
23.3448
18000
22.7719
20000
23.0355
22000
22.8605
24000
22.8722
26000
22.9509
28000
22.8677
30000
22.8392
32000
22.9589
34000
22.8068
36000
22.7642
38000
22.683
40000
22.9405
42000
22.8023
44000
22.8368
46000
22.7439
48000
22.7648
50000
22.628
52000
22.9445
54000
22.9691
56000
22.7671
58000
22.6954
60000
22.7529
62000
22.7155
64000
22.7702
66000
22.7513
68000
22.6325
70000
22.7099
72000
22.2115
74000
22.2553
76000
22.1525
78000
22.1109
80000
22.1739
82000
21.9062
84000
22.3551
86000
22.3145
88000
22.2784
90000
22.2485
92000
22.0975
94000
22.2333
96000
22.2398
98000
22.2452
100000
22.1899
2000
22.4179
4000
22.7692
6000
22.8391
8000
22.7655
10000
22.9896
