C:\Users\Administrator\AppData\Local\Programs\Python\Python312\python.exe C:\Users\Administrator\Desktop\EA_submodular\example\IM\graph100\outdegree\Influence_Maximization_POMC.py
100
2000 21.6827 89.2492101117184 30
4000 21.2466 87.653303564905 41
6000 21.1273 87.653303564905 39
8000 21.2078 87.653303564905 46
10000 21.2779 87.653303564905 49
12000 21.1173 87.653303564905 49
14000 21.2059 87.653303564905 56
16000 21.5115 87.653303564905 59
18000 21.1872 87.653303564905 62
20000 21.1094 87.653303564905 63
22000 21.3576 87.653303564905 64
24000 21.2977 87.653303564905 65
26000 21.1299 87.653303564905 63
28000 21.1416 87.653303564905 63
30000 21.4411 87.653303564905 64
32000 21.3277 87.653303564905 66
34000 21.1369 87.653303564905 66
36000 21.2772 87.653303564905 67
38000 21.2795 87.653303564905 66
40000 21.4678 87.653303564905 67
42000 21.3097 87.653303564905 69
44000 21.3322 87.653303564905 69
46000 21.2193 87.653303564905 69
48000 21.2711 87.653303564905 69
50000 21.2347 87.653303564905 71
52000 21.1872 87.653303564905 70
54000 21.3149 87.653303564905 69
56000 21.1995 87.653303564905 70
58000 21.3847 87.653303564905 72
60000 23.4706 99.032015913223 73
62000 23.262 99.032015913223 71
64000 23.4702 99.032015913223 71
66000 23.4863 99.032015913223 72
68000 23.1977 99.032015913223 72
70000 23.2525 99.032015913223 71
72000 23.361 99.032015913223 71
74000 23.4799 99.032015913223 72
76000 23.2918 99.032015913223 72
78000 23.5095 99.032015913223 72
80000 23.4956 99.032015913223 72
82000 23.5378 99.032015913223 72
84000 23.3498 99.032015913223 72
86000 23.5931 99.032015913223 72
88000 23.4211 99.032015913223 72
90000 23.5179 99.032015913223 71
92000 23.3662 99.032015913223 71
94000 23.3069 99.032015913223 71
96000 23.2104 99.032015913223 71
98000 23.5115 99.032015913223 69
23.4412
100
2000 21.7682 89.918082579177 34
4000 21.7268 89.918082579177 49
6000 21.7041 89.918082579177 50
8000 21.5577 89.918082579177 55
10000 23.379 99.2040637777398 54
12000 21.3059 87.653303564905 54
14000 21.2896 87.653303564905 55
16000 21.157 87.653303564905 50
18000 21.1309 87.653303564905 54
20000 21.0659 87.653303564905 58
22000 23.5041 99.032015913223 59
24000 23.4033 99.032015913223 59
26000 23.2022 99.032015913223 62
28000 22.9826 99.032015913223 62
30000 23.2933 99.032015913223 61
32000 23.202 97.2259481998394 62
34000 23.1565 97.2259481998394 62
36000 23.2186 97.2259481998394 63
38000 23.1032 97.2259481998394 64
40000 23.3054 97.2259481998394 65
42000 23.4 97.2259481998394 64
44000 23.3108 97.2259481998394 64
46000 23.1744 97.2259481998394 64
48000 22.9375 97.2259481998394 64
50000 23.2292 97.2259481998394 64
52000 23.1761 97.2259481998394 64
54000 23.2573 97.2259481998394 64
56000 23.4411 97.2259481998394 64
58000 23.2222 97.2259481998394 63
60000 23.044 97.2259481998394 63
62000 23.2584 97.2259481998394 63
64000 23.0948 97.2259481998394 63
66000 23.2686 97.2259481998394 64
68000 23.0843 97.2259481998394 65
70000 23.0524 97.2259481998394 66
72000 23.4133 97.2259481998394 67
74000 23.1467 97.2259481998394 66
76000 23.2392 97.2259481998394 68
78000 23.3773 97.2259481998394 69
80000 23.1231 97.2259481998394 70
82000 23.2808 97.2259481998394 70
84000 23.3688 97.2259481998394 70
86000 23.3705 97.2259481998394 70
88000 23.0811 97.2259481998394 70
90000 23.3315 97.2259481998394 70
92000 23.407 97.2259481998394 70
94000 23.2809 97.2259481998394 70
96000 23.0991 97.2259481998394 71
98000 23.3125 97.2259481998394 73
23.1416
100
2000 22.5409 98.8054434580464 38
4000 22.7429 98.8054434580464 51
6000 22.8057 98.0192158896034 48
8000 22.8838 98.0192158896034 48
10000 23.0319 98.0192158896034 55
12000 22.831 98.0192158896034 57
14000 22.7128 98.0192158896034 58
16000 22.6856 98.0192158896034 56
18000 22.8684 98.0192158896034 58
20000 22.7357 98.0192158896034 56
22000 23.0709 98.0192158896034 59
24000 22.9373 94.3873427383008 62
26000 22.879 94.3873427383008 58
28000 22.6033 94.3873427383008 57
30000 22.7849 94.4793046802712 56
32000 22.7674 94.4793046802712 56
34000 22.7272 94.4793046802712 57
36000 22.6793 94.4793046802712 59
38000 22.8797 94.4793046802712 60
40000 23.0316 94.4793046802712 58
42000 22.9605 94.4793046802712 59
44000 22.5831 94.4793046802712 59
46000 22.9699 94.4793046802712 60
48000 22.6812 94.4793046802712 62
50000 22.8657 94.4793046802712 61
52000 22.7115 94.4793046802712 59
54000 22.6098 94.4793046802712 60
56000 22.6929 94.4793046802712 62
58000 22.6445 94.4793046802712 63
60000 22.7686 94.4793046802712 63
62000 22.9203 94.4793046802712 63
64000 22.8878 94.4793046802712 64
66000 22.6532 94.4793046802712 64
68000 22.826 94.4793046802712 64
70000 22.7082 94.4793046802712 64
72000 22.766 94.4793046802712 63
74000 22.8608 94.4793046802712 63
76000 22.5982 94.4793046802712 62
78000 22.8751 94.4793046802712 62
80000 22.7746 94.4793046802712 62
82000 22.78 94.4793046802712 63
84000 22.6467 94.4793046802712 63
86000 23.0004 94.4793046802712 63
88000 22.9457 94.4793046802712 63
90000 22.7533 94.4793046802712 63
92000 22.8063 94.4793046802712 63
94000 22.8509 94.4793046802712 64
96000 22.9445 94.4793046802712 65
98000 22.6347 94.4793046802712 65
22.7789
100
2000 21.5052 89.2492101117184 42
4000 21.3985 89.2492101117184 40
6000 22.6527 95.74408369454319 46
8000 22.8055 95.74408369454319 51
10000 22.6225 95.74408369454319 48
12000 22.6419 95.74408369454319 51
14000 22.6254 95.74408369454319 50
16000 22.5909 95.74408369454319 53
18000 22.6522 94.3072568157544 54
20000 22.6712 94.3072568157544 58
22000 22.6072 94.3072568157544 58
24000 22.7663 94.3072568157544 60
26000 22.7297 94.3072568157544 64
28000 22.7556 94.3072568157544 64
30000 22.8057 94.3072568157544 65
32000 22.7362 94.3072568157544 66
34000 22.6734 94.3072568157544 67
36000 22.8037 94.3072568157544 65
38000 22.7961 94.3072568157544 66
40000 22.7871 94.3072568157544 66
42000 22.8488 94.3072568157544 65
44000 22.7082 94.3072568157544 64
46000 22.8482 94.3072568157544 64
48000 22.9665 94.3072568157544 65
50000 22.7968 94.3072568157544 65
52000 22.9048 94.3072568157544 67
54000 22.9315 94.3072568157544 66
56000 22.8438 94.3072568157544 67
58000 22.9105 94.3072568157544 69
60000 22.856 94.3072568157544 69
62000 22.9055 94.3072568157544 70
64000 22.6924 94.3072568157544 70
66000 22.6992 94.3072568157544 71
68000 23.0281 94.3072568157544 69
70000 22.6582 94.3072568157544 70
72000 22.6859 94.3072568157544 72
74000 22.7635 94.3072568157544 74
76000 23.085 94.3072568157544 74
78000 22.717 94.3072568157544 74
80000 22.6159 94.3072568157544 74
82000 22.7632 94.3072568157544 75
84000 22.6383 94.3072568157544 75
86000 23.1027 94.3072568157544 75
88000 22.7269 94.3072568157544 75
90000 22.6391 94.3072568157544 75
92000 22.9231 94.3072568157544 75
94000 22.7514 94.3072568157544 75
96000 23.0968 94.3072568157544 75
98000 22.7411 94.3072568157544 75
22.776
100
2000 21.835 91.711350268941 38
4000 21.6528 91.711350268941 46
6000 22.0507 91.711350268941 53
8000 21.8157 91.711350268941 57
10000 21.8973 91.711350268941 56
12000 21.9018 91.711350268941 58
14000 21.9337 91.711350268941 58
16000 23.328 96.5720358300264 60
18000 23.1643 96.5720358300264 61
20000 23.2891 96.5720358300264 59
22000 23.1785 96.5720358300264 62
24000 23.0798 96.5720358300264 63
26000 23.1846 96.5720358300264 63
28000 23.2928 96.5720358300264 64
30000 23.1322 96.5720358300264 66
32000 23.1191 96.5720358300264 67
34000 23.2686 96.5720358300264 68
36000 23.0893 96.5720358300264 70
38000 23.368 96.5720358300264 70
40000 23.0784 96.5720358300264 70
42000 23.358 96.5720358300264 71
44000 23.273 96.5720358300264 71
46000 23.3393 96.5720358300264 71
48000 22.8136 98.1261379292194 73
50000 22.9595 98.1261379292194 74
52000 22.8775 98.1261379292194 75
54000 22.8758 98.1261379292194 74
56000 22.9054 98.1261379292194 72
58000 23.022 98.1261379292194 72
60000 22.9782 98.1261379292194 72
62000 22.9389 98.1261379292194 73
64000 22.8235 98.1261379292194 73
66000 22.8109 98.1261379292194 72
68000 22.9131 98.1261379292194 72
70000 22.9577 98.1261379292194 70
72000 22.9157 98.1261379292194 71
74000 22.7646 98.1261379292194 70
76000 22.8089 98.1261379292194 71
78000 22.7775 98.1261379292194 71
80000 23.1177 98.1261379292194 72
82000 22.8321 98.1261379292194 74
84000 22.9418 98.1261379292194 73
86000 22.7689 98.1261379292194 73
88000 22.8291 98.1261379292194 73
90000 22.9111 98.1261379292194 73
92000 22.8697 98.1261379292194 73
94000 22.9658 98.1261379292194 74
96000 22.7584 98.1261379292194 74
98000 22.8917 98.1261379292194 74
21.7407
100
2000 21.8907 94.7473967540104 36
4000 21.4347 89.2492101117184 47
6000 21.4074 89.2492101117184 46
8000 21.6968 89.2492101117184 46
10000 21.2513 89.2492101117184 56
12000 21.5553 89.2492101117184 61
14000 21.449 89.2492101117184 65
16000 21.493 89.2492101117184 63
18000 21.3398 89.2492101117184 63
20000 21.4885 89.2492101117184 64
22000 22.3215 93.4793046802712 65
24000 22.1654 93.4793046802712 69
26000 22.2658 93.4793046802712 68
28000 21.9891 93.4793046802712 70
30000 22.4197 93.4793046802712 68
32000 22.1787 93.4793046802712 69
34000 22.2165 93.4793046802712 68
36000 22.0203 93.4793046802712 68
38000 22.2966 93.4793046802712 71
40000 22.2594 93.4793046802712 68
42000 22.2996 93.4793046802712 67
44000 22.2558 93.4793046802712 67
46000 21.9877 93.4793046802712 66
48000 22.3452 93.4793046802712 68
50000 22.1381 93.4793046802712 69
52000 22.1188 93.4793046802712 70
54000 22.3046 93.4793046802712 69
56000 22.3367 93.4793046802712 69
58000 22.426 93.4793046802712 70
60000 22.118 93.4793046802712 70
62000 22.1843 93.4793046802712 70
64000 22.0811 93.4793046802712 71
66000 22.3883 93.4793046802712 67
68000 22.1714 93.4793046802712 67
70000 22.1934 93.4793046802712 68
72000 22.4438 93.4793046802712 67
74000 22.164 93.4793046802712 68
76000 22.438 93.4793046802712 69
78000 22.2783 93.4793046802712 69
80000 22.3377 93.4793046802712 69
82000 22.5424 93.4793046802712 69
84000 22.3432 93.4793046802712 69
86000 22.2802 93.4793046802712 69
88000 22.1758 93.4793046802712 69
90000 22.3977 93.4793046802712 72
92000 22.4185 93.4793046802712 72
94000 22.0718 93.4793046802712 73
96000 21.9697 93.4793046802712 74
98000 22.2795 93.4793046802712 74
22.3214
100
2000 21.4063 87.653303564905 40
4000 21.2806 87.653303564905 46
6000 21.3365 87.653303564905 47
8000 21.2254 87.653303564905 51
10000 21.1653 87.653303564905 54
12000 23.5065 99.0192158896034 54
14000 23.4541 99.0192158896034 55
16000 23.5378 99.0192158896034 61
18000 23.5468 99.0192158896034 63
20000 23.4438 99.0192158896034 65
22000 23.4949 99.0192158896034 68
24000 23.2786 99.0192158896034 69
26000 23.5301 99.0192158896034 70
28000 23.3418 99.0192158896034 74
30000 23.5299 99.0192158896034 75
32000 23.5155 99.0192158896034 76
34000 23.7666 99.0192158896034 77
36000 23.4841 99.0192158896034 79
38000 23.5238 99.0192158896034 79
40000 23.4301 99.0192158896034 80
42000 23.6341 99.0192158896034 82
44000 23.3308 99.0192158896034 84
46000 23.2132 96.5720358300264 77
48000 23.352 96.5720358300264 79
50000 23.3649 96.5720358300264 77
52000 23.1181 96.5720358300264 77
54000 23.2635 96.5720358300264 77
56000 23.4543 96.5720358300264 78
58000 23.1765 96.5720358300264 78
60000 23.1482 96.5720358300264 78
62000 23.2063 96.5720358300264 78
64000 23.2584 96.5720358300264 77
66000 23.2186 96.5720358300264 77
68000 23.0212 96.5720358300264 76
70000 23.2314 96.5720358300264 76
72000 23.2489 96.5720358300264 77
74000 23.5086 96.5720358300264 76
76000 23.3991 96.5720358300264 77
78000 23.0289 96.5720358300264 77
80000 23.3475 96.5720358300264 78
82000 23.2073 96.5720358300264 78
84000 23.1252 96.5720358300264 78
86000 23.2735 96.5720358300264 79
88000 23.1751 96.5720358300264 76
90000 23.077 96.5720358300264 75
92000 23.3021 96.5720358300264 74
94000 23.3504 96.5720358300264 74
96000 23.1322 96.5720358300264 74
98000 23.1921 96.5720358300264 73
23.2049
100
2000 21.1165 98.220788777189 31
4000 22.3006 94.8812287108295 43
6000 22.6248 94.8812287108295 54
8000 22.5291 94.8812287108295 56
10000 22.4529 94.8812287108295 57
12000 22.5192 94.8812287108295 56
14000 22.487 94.8812287108295 58
16000 22.5739 94.8812287108295 60
18000 22.4808 94.8812287108295 61
20000 22.6964 94.8812287108295 61
22000 22.4659 94.8812287108295 63
24000 22.5812 94.8812287108295 64
26000 22.5189 94.8812287108295 69
28000 22.5032 94.8812287108295 69
30000 22.4414 94.8812287108295 68
32000 22.6778 94.8812287108295 68
34000 22.5951 94.8812287108295 70
36000 22.6121 94.8812287108295 70
38000 22.2897 94.8812287108295 72
40000 22.391 94.8812287108295 72
42000 22.3905 94.8812287108295 71
44000 22.4442 94.8812287108295 72
46000 22.3818 94.8812287108295 72
48000 22.7769 94.8812287108295 72
50000 22.4964 94.8812287108295 71
52000 22.442 94.8812287108295 71
54000 22.592 94.8812287108295 71
56000 22.4162 96.2259481998394 70
58000 22.4949 96.2259481998394 70
60000 22.7744 96.2259481998394 70
62000 22.3507 94.8812287108295 70
64000 22.4758 94.8812287108295 70
66000 22.6879 94.8812287108295 70
68000 22.5481 94.8812287108295 71
70000 22.2428 94.8812287108295 71
72000 22.4812 94.8812287108295 71
74000 22.6567 94.8812287108295 71
76000 22.3388 94.8812287108295 71
78000 22.3729 94.8812287108295 71
80000 22.5095 94.8812287108295 73
82000 22.5247 94.8812287108295 73
84000 22.6091 94.8812287108295 73
86000 22.4872 94.8812287108295 73
88000 22.3274 94.8812287108295 73
90000 22.619 94.8812287108295 73
92000 22.5207 94.8812287108295 73
94000 22.4813 94.8812287108295 73
96000 22.2628 94.8812287108295 73
98000 22.4587 94.8812287108295 72
22.4137
100
2000 22.0709 90.2492101117184 31
4000 21.9712 90.2492101117184 49
6000 22.0134 90.2492101117184 53
8000 22.0243 90.2492101117184 63
10000 22.3461 90.2492101117184 63
12000 21.9898 90.2492101117184 61
14000 22.8997 98.9917265019234 64
16000 22.9509 98.9917265019234 65
18000 22.9239 98.9917265019234 64
20000 22.5839 98.9917265019234 64
22000 22.7468 98.9917265019234 64
24000 22.8237 98.9917265019234 64
26000 22.8292 98.9917265019234 64
28000 22.6636 98.9917265019234 65
30000 22.874 98.9917265019234 65
32000 22.8288 98.9917265019234 65
34000 23.0657 98.9917265019234 66
36000 22.8763 98.9917265019234 66
38000 22.8692 98.9917265019234 68
40000 22.9392 98.9917265019234 69
42000 22.8265 98.9917265019234 68
44000 22.8634 98.9917265019234 67
46000 22.7509 98.9917265019234 69
48000 22.5519 92.51398912599039 68
50000 22.4996 92.51398912599039 69
52000 22.45 92.51398912599039 70
54000 22.633 92.51398912599039 67
56000 22.5025 92.51398912599039 67
58000 22.7069 92.51398912599039 68
60000 22.6706 92.51398912599039 68
62000 22.6305 92.51398912599039 68
64000 22.6323 92.51398912599039 68
66000 22.4984 92.51398912599039 70
68000 22.533 92.51398912599039 71
70000 22.3884 92.51398912599039 71
72000 22.6281 92.51398912599039 72
74000 22.536 92.51398912599039 72
76000 22.4257 92.51398912599039 73
78000 22.6048 92.51398912599039 73
80000 22.5245 92.51398912599039 73
82000 22.6283 92.51398912599039 74
84000 22.4859 92.51398912599039 73
86000 22.5153 92.51398912599039 73
88000 22.5571 92.51398912599039 73
90000 22.7158 92.51398912599039 72
92000 22.4632 92.51398912599039 74
94000 22.4798 92.51398912599039 72
96000 22.5912 92.51398912599039 73
98000 22.6104 92.51398912599039 74
22.5583
100
2000 19.0772 87.44322307440099 32
4000 22.918 97.7255123319108 42
6000 22.8851 98.20737683720701 51
8000 22.6933 98.20737683720701 59
10000 22.8429 97.7255123319108 58
12000 22.8678 97.7255123319108 55
14000 22.7996 97.7255123319108 58
16000 22.777 97.7255123319108 55
18000 22.8844 97.7255123319108 63
20000 22.922 97.7255123319108 62
22000 22.6462 97.7255123319108 59
24000 22.8174 97.7255123319108 61
26000 22.9629 97.7255123319108 66
28000 23.2383 97.7255123319108 65
30000 22.8865 97.7255123319108 64
32000 22.9135 97.7255123319108 63
34000 22.7603 97.7255123319108 66
36000 22.9065 97.7255123319108 67
38000 23.0278 97.7255123319108 69
40000 22.8052 97.7255123319108 66
42000 22.8725 97.7255123319108 65
44000 22.9055 97.7255123319108 65
46000 22.8854 97.7255123319108 65
48000 22.8358 97.7255123319108 68
50000 22.8047 97.7255123319108 69
52000 22.9283 97.7255123319108 70
54000 22.8807 97.7255123319108 70
56000 22.94 97.7255123319108 70
58000 22.8485 97.7255123319108 70
60000 22.7653 97.7255123319108 70
62000 22.9154 97.7255123319108 71
64000 22.8407 97.7255123319108 72
66000 22.6738 97.7255123319108 72
68000 22.9683 97.7255123319108 73
70000 22.871 97.7255123319108 74
72000 22.8006 97.7255123319108 76
74000 22.8301 97.7255123319108 74
76000 22.7975 97.7255123319108 74
78000 22.7314 97.7255123319108 73
80000 22.6373 97.7255123319108 72
82000 22.7297 97.7255123319108 73
84000 22.8815 97.7255123319108 72
86000 22.7397 97.7255123319108 73
88000 22.7187 97.7255123319108 73
90000 22.8362 97.7255123319108 73
92000 22.9051 97.7255123319108 71
94000 22.8007 97.7255123319108 71
96000 22.8036 97.7255123319108 72
98000 22.7324 97.7255123319108 72
22.7023
100
2000 22.4639 93.5627036622848 39
4000 22.2153 93.5627036622848 41
6000 22.4965 93.5627036622848 45
8000 22.329 93.5627036622848 52
10000 22.4156 93.5627036622848 58
12000 22.196 93.5627036622848 59
14000 22.361 93.5627036622848 61
16000 22.361 93.5627036622848 61
18000 22.1696 93.5627036622848 60
20000 22.2886 93.5627036622848 62
22000 22.3126 93.5627036622848 60
24000 22.4242 93.5627036622848 60
26000 22.3222 93.5627036622848 62
28000 22.3257 93.5627036622848 62
30000 22.5576 93.5627036622848 65
32000 22.3989 93.5627036622848 65
34000 22.1627 93.5627036622848 63
36000 22.2586 93.5627036622848 66
38000 22.4335 93.5627036622848 66
40000 22.5478 93.5627036622848 66
42000 22.5885 93.5627036622848 67
44000 22.3392 93.5627036622848 67
46000 22.331 93.5627036622848 67
48000 22.296 93.5627036622848 68
50000 22.3003 93.5627036622848 68
52000 22.4519 93.5627036622848 67
54000 22.2558 93.5627036622848 67
56000 22.3897 93.5627036622848 67
58000 22.5125 93.5627036622848 67
60000 22.5007 93.5627036622848 68
62000 22.6006 93.5627036622848 68
64000 22.4365 93.5627036622848 68
66000 22.4924 93.5627036622848 69
68000 22.5857 93.5627036622848 69
70000 23.0305 96.74408369454319 69
72000 23.3814 96.74408369454319 71
74000 23.3874 96.74408369454319 71
76000 23.1397 96.74408369454319 71
78000 22.9577 96.74408369454319 71
80000 23.4315 98.5501514079268 70
82000 23.1468 98.5501514079268 71
84000 23.5448 98.5501514079268 71
86000 23.2849 98.5501514079268 71
88000 23.341 98.5501514079268 71
90000 23.26 98.5501514079268 71
92000 23.3024 98.5501514079268 70
94000 23.367 98.5501514079268 70
96000 23.497 98.5501514079268 70
98000 23.2922 98.5501514079268 70
23.2613
100
2000 22.6855 98.9917265019234 30
4000 22.9315 98.9917265019234 33
6000 23.0895 98.9917265019234 46
8000 22.9803 98.9917265019234 48
10000 22.9661 98.9917265019234 51
12000 22.5586 98.9917265019234 55
14000 23.0245 98.9917265019234 59
16000 22.8753 98.9917265019234 60
18000 22.8594 98.9917265019234 64
20000 22.7481 98.9917265019234 64
22000 22.8302 98.9917265019234 66
24000 22.9003 98.9917265019234 68
26000 22.8899 98.9917265019234 69
28000 22.7713 98.9917265019234 66
30000 22.8506 98.9917265019234 66
32000 23.0038 98.9917265019234 66
34000 22.8057 98.9917265019234 67
36000 22.5378 92.51398912599039 66
38000 22.6222 92.51398912599039 67
40000 22.4712 92.51398912599039 67
42000 22.3487 92.51398912599039 67
44000 22.8082 92.51398912599039 65
46000 22.7236 92.51398912599039 63
48000 22.5906 92.51398912599039 64
50000 22.5881 92.51398912599039 64
52000 22.4866 92.51398912599039 63
54000 22.7592 92.51398912599039 63
56000 22.4728 92.51398912599039 64
58000 22.4934 92.51398912599039 64
60000 22.7598 92.51398912599039 64
62000 22.5959 92.51398912599039 64
64000 22.563 92.51398912599039 64
66000 22.5777 92.51398912599039 64
68000 22.4466 92.51398912599039 65
70000 22.5939 92.51398912599039 64
72000 22.6561 92.51398912599039 64
74000 22.5337 92.51398912599039 64
76000 22.5484 92.51398912599039 64
78000 22.5062 92.51398912599039 65
80000 22.6096 92.51398912599039 65
82000 22.6798 92.51398912599039 66
84000 22.5892 92.51398912599039 66
86000 22.6744 92.51398912599039 66
88000 22.7957 92.51398912599039 66
90000 22.6515 92.51398912599039 65
92000 22.5823 92.51398912599039 65
94000 22.6891 92.51398912599039 65
96000 22.3332 92.51398912599039 65
98000 22.6212 92.51398912599039 65
22.3781
100
2000 21.009 98.220788777189 32
4000 22.2571 90.2492101117184 44
6000 22.0753 90.2492101117184 44
8000 22.1096 90.2492101117184 50
10000 22.1042 90.2492101117184 54
12000 21.9754 90.2492101117184 51
14000 22.2127 90.2492101117184 53
16000 22.0844 90.2492101117184 56
18000 22.2971 90.2492101117184 57
20000 22.5718 94.3072568157544 61
22000 22.7198 94.3072568157544 61
24000 22.8255 94.3072568157544 58
26000 22.6482 94.3072568157544 60
28000 22.9361 94.3072568157544 61
30000 22.713 94.3072568157544 63
32000 22.9175 94.3072568157544 64
34000 22.9323 94.3072568157544 63
36000 22.7863 94.3072568157544 65
38000 22.8704 94.3072568157544 66
40000 22.9758 94.3072568157544 67
42000 23.0123 94.3072568157544 67
44000 22.7509 94.3072568157544 68
46000 22.8541 94.3072568157544 69
48000 22.7516 94.3072568157544 69
50000 22.8301 94.3072568157544 70
52000 23.163 94.3072568157544 70
54000 22.7578 94.3072568157544 71
56000 22.6546 94.3072568157544 71
58000 22.7959 94.3072568157544 71
60000 22.6696 94.3072568157544 71
62000 22.7766 94.3072568157544 70
64000 22.7356 94.3072568157544 70
66000 22.8068 94.3072568157544 70
68000 22.7534 94.3072568157544 69
70000 22.627 94.3072568157544 69
72000 22.8754 94.3072568157544 68
74000 22.9449 94.3072568157544 69
76000 22.7722 94.3072568157544 70
78000 22.7388 94.3072568157544 70
80000 22.9561 94.3072568157544 71
82000 22.7975 94.3072568157544 71
84000 23.5189 99.7800502990324 71
86000 23.6442 99.7800502990324 71
88000 23.4261 99.7800502990324 71
90000 23.6216 99.7800502990324 71
92000 23.3001 99.7800502990324 71
94000 23.3075 99.7800502990324 70
96000 23.5495 99.7800502990324 70
98000 23.4105 99.7800502990324 70
23.4464
100
2000 21.1197 98.220788777189 37
4000 21.1899 98.220788777189 44
6000 22.2962 92.4340486512525 49
8000 22.0362 92.4340486512525 47
10000 22.1315 92.4340486512525 53
12000 22.4318 92.4340486512525 56
14000 22.243 92.4340486512525 57
16000 22.1383 92.4340486512525 59
18000 22.23 92.4340486512525 62
20000 22.328 92.4340486512525 68
22000 22.3118 92.4340486512525 68
24000 22.2864 92.4340486512525 68
26000 22.3565 92.12256372402881 69
28000 22.538 92.12256372402881 68
30000 22.3267 92.12256372402881 69
32000 22.4134 92.12256372402881 71
34000 22.3917 92.12256372402881 72
36000 22.3188 92.12256372402881 71
38000 22.6235 92.12256372402881 69
40000 22.3254 92.12256372402881 65
42000 22.3688 92.12256372402881 66
44000 22.3058 92.12256372402881 66
46000 22.4152 92.12256372402881 65
48000 22.5253 92.12256372402881 65
50000 22.4031 92.12256372402881 66
52000 22.306 92.12256372402881 67
54000 22.4916 92.12256372402881 68
56000 22.6054 92.12256372402881 68
58000 22.6908 92.12256372402881 68
60000 22.3292 92.12256372402881 67
62000 22.4453 92.12256372402881 67
64000 22.5684 92.12256372402881 68
66000 22.5142 92.12256372402881 67
68000 22.5018 92.12256372402881 67
70000 22.2897 92.12256372402881 70
72000 22.2162 92.12256372402881 70
74000 22.407 92.12256372402881 70
76000 22.5202 92.12256372402881 70
78000 22.5403 92.12256372402881 70
80000 22.4632 92.12256372402881 70
82000 22.4455 92.12256372402881 71
84000 23.4303 98.5373513843072 72
86000 23.3762 98.5373513843072 73
88000 23.3337 98.5373513843072 73
90000 23.368 98.5373513843072 73
92000 23.4534 98.5373513843072 73
94000 23.6018 98.5373513843072 73
96000 23.199 98.5373513843072 73
98000 23.3891 98.5373513843072 74
23.3108
100
2000 22.1829 97.4692869550734 42
4000 22.3296 97.4692869550734 46
6000 22.2778 91.597388108004 51
8000 22.0973 91.597388108004 50
10000 22.2139 91.597388108004 54
12000 23.0526 95.630041653026 59
14000 22.8521 95.630041653026 61
16000 23.026 95.630041653026 63
18000 22.8626 95.630041653026 64
20000 22.8929 95.630041653026 64
22000 23.1957 95.630041653026 66
24000 22.9019 95.630041653026 68
26000 22.9198 95.630041653026 66
28000 22.9899 95.630041653026 66
30000 23.0304 95.630041653026 63
32000 22.8026 95.630041653026 63
34000 22.9595 95.630041653026 64
36000 23.125 95.630041653026 64
38000 23.0433 95.630041653026 64
40000 22.8707 95.630041653026 65
42000 23.1334 95.630041653026 63
44000 22.8325 95.630041653026 64
46000 23.0008 95.630041653026 62
48000 22.7243 95.630041653026 63
50000 23.1041 95.630041653026 64
52000 22.8878 95.630041653026 65
54000 23.0473 95.630041653026 65
56000 22.8616 95.630041653026 65
58000 23.0307 95.630041653026 66
60000 22.8581 95.630041653026 66
62000 22.9435 95.630041653026 66
64000 22.9672 95.630041653026 66
66000 23.0502 95.630041653026 66
68000 23.0508 95.630041653026 65
70000 23.2043 95.630041653026 67
72000 22.8557 95.630041653026 67
74000 23.0467 95.630041653026 67
76000 22.8762 95.630041653026 68
78000 23.1416 95.630041653026 67
80000 22.9256 95.630041653026 68
82000 22.8749 95.630041653026 69
84000 23.0356 95.630041653026 69
86000 22.9735 95.630041653026 69
88000 22.9566 95.630041653026 70
90000 22.8718 95.630041653026 70
92000 23.044 95.630041653026 70
94000 23.0468 95.630041653026 70
96000 22.8256 95.630041653026 71
98000 22.9759 95.630041653026 72
23.1662
100
2000 22.623 94.3072568157544 34
4000 22.7571 94.3072568157544 36
6000 22.8542 94.3072568157544 45
8000 22.9225 94.3072568157544 44
10000 22.6999 94.3072568157544 47
12000 22.7705 94.3072568157544 57
14000 22.9421 94.3072568157544 52
16000 22.6571 94.3072568157544 51
18000 22.8056 94.3072568157544 60
20000 22.9417 94.3072568157544 62
22000 22.9105 94.3072568157544 64
24000 22.9089 94.3072568157544 62
26000 22.9778 94.3072568157544 61
28000 22.5451 94.3072568157544 60
30000 22.7739 94.3072568157544 62
32000 22.7059 94.3072568157544 62
34000 22.7643 94.3072568157544 60
36000 22.8519 94.3072568157544 61
38000 22.6925 94.3072568157544 65
40000 22.7613 94.3072568157544 65
42000 22.9179 94.3072568157544 64
44000 22.6025 94.3072568157544 65
46000 22.9405 94.3072568157544 64
48000 22.7363 94.3072568157544 65
50000 22.8018 94.3072568157544 65
52000 22.6643 94.3072568157544 62
54000 22.8245 94.3072568157544 63
56000 22.8114 94.3072568157544 64
58000 22.6831 94.3072568157544 64
60000 22.6408 94.3072568157544 64
62000 22.7803 94.3072568157544 64
64000 22.9488 94.3072568157544 64
66000 22.9001 94.3072568157544 65
68000 22.1994 93.3072568157544 66
70000 22.3436 93.3072568157544 65
72000 22.1305 93.3072568157544 63
74000 22.2307 93.3072568157544 64
76000 22.3403 93.3072568157544 64
78000 22.3375 93.3072568157544 64
80000 22.2999 93.3072568157544 64
82000 22.1422 93.3072568157544 64
84000 22.2033 93.3072568157544 64
86000 22.0044 93.3072568157544 64
88000 22.27 93.3072568157544 65
90000 22.3487 93.3072568157544 67
92000 22.0259 93.3072568157544 68
94000 22.3139 93.3072568157544 68
96000 22.327 93.3072568157544 68
98000 22.0954 93.3072568157544 68
22.3344
100
2000 21.1512 88.332609093732 35
4000 22.6629 98.9774913225632 43
6000 22.7383 98.9774913225632 50
8000 22.7138 98.9774913225632 48
10000 22.6127 98.9774913225632 56
12000 23.082 96.6767977956164 62
14000 23.0204 96.6767977956164 66
16000 23.1515 96.6767977956164 66
18000 23.3177 96.6767977956164 66
20000 23.1113 96.6767977956164 69
22000 22.7388 96.6767977956164 70
24000 23.0326 96.6767977956164 71
26000 23.2167 96.6767977956164 70
28000 22.9979 96.6767977956164 71
30000 23.0606 96.6767977956164 71
32000 23.0039 96.6767977956164 73
34000 23.0002 96.6767977956164 73
36000 22.74 96.6767977956164 73
38000 22.6946 92.51398912599039 71
40000 22.5194 92.51398912599039 71
42000 22.4355 92.51398912599039 73
44000 22.5857 92.51398912599039 73
46000 22.7642 92.51398912599039 74
48000 22.4622 92.51398912599039 70
50000 22.3436 92.51398912599039 70
52000 22.5097 92.51398912599039 71
54000 22.6766 92.51398912599039 72
56000 22.6562 92.51398912599039 72
58000 22.6778 92.51398912599039 71
60000 22.3868 92.51398912599039 71
62000 22.6507 92.51398912599039 71
64000 22.5579 92.51398912599039 68
66000 22.7509 92.51398912599039 68
68000 22.5091 92.51398912599039 68
70000 22.372 90.3292960342648 69
72000 22.303 90.3292960342648 69
74000 22.3061 90.3292960342648 69
76000 22.2713 90.3292960342648 67
78000 22.1749 90.3292960342648 68
80000 22.1114 90.3292960342648 68
82000 22.1221 90.3292960342648 68
84000 22.306 90.3292960342648 68
86000 22.2463 90.3292960342648 68
88000 22.4223 90.3292960342648 68
90000 22.2331 90.3292960342648 68
92000 22.2278 90.3292960342648 68
94000 22.1673 90.3292960342648 69
96000 22.2497 90.3292960342648 68
98000 22.344 90.3292960342648 67
22.2794
100
2000 21.1643 86.89246915547601 45
4000 21.2683 86.89246915547601 46
6000 21.2248 86.89246915547601 53
8000 21.1124 86.89246915547601 55
10000 21.1234 86.89246915547601 59
12000 21.1834 86.89246915547601 61
14000 21.0479 86.89246915547601 65
16000 21.0995 86.89246915547601 66
18000 20.9996 86.89246915547601 62
20000 22.6699 94.4921047038908 64
22000 22.8121 94.4921047038908 65
24000 22.8512 94.4921047038908 66
26000 22.822 94.4921047038908 67
28000 22.4344 94.4921047038908 68
30000 22.875 94.4921047038908 67
32000 23.3124 99.2040637777398 73
34000 23.3235 99.2040637777398 68
36000 21.1523 98.92885746233499 66
38000 21.2712 98.92885746233499 70
40000 21.464 98.92885746233499 72
42000 21.0593 98.92885746233499 74
44000 21.226 98.92885746233499 77
46000 21.3723 98.92885746233499 76
48000 21.0577 98.92885746233499 75
50000 21.1915 98.92885746233499 73
52000 21.0986 98.92885746233499 73
54000 21.2873 98.92885746233499 73
56000 21.0688 98.92885746233499 71
58000 21.2043 98.92885746233499 71
60000 21.2174 98.92885746233499 71
62000 21.3082 98.92885746233499 71
64000 21.1482 98.92885746233499 71
66000 21.1418 98.92885746233499 71
68000 21.3208 98.92885746233499 74
70000 21.3493 98.92885746233499 73
72000 21.3195 98.92885746233499 73
74000 21.2826 98.92885746233499 74
76000 21.3226 98.92885746233499 71
78000 21.3431 98.92885746233499 71
80000 21.4444 98.92885746233499 71
82000 21.045 98.92885746233499 71
84000 21.03 98.92885746233499 70
86000 21.2 98.92885746233499 69
88000 22.4923 92.77647609384181 68
90000 22.5546 92.77647609384181 68
92000 22.4223 92.77647609384181 67
94000 22.7361 92.77647609384181 67
96000 23.2308 96.83452279787781 69
98000 23.0593 96.83452279787781 69
22.9351
100
2000 22.9547 94.4793046802712 37
4000 22.7318 94.4793046802712 42
6000 22.88 94.4793046802712 50
8000 22.8426 94.4793046802712 54
10000 22.8328 94.4793046802712 56
12000 22.8369 94.4793046802712 59
14000 22.8149 94.4793046802712 65
16000 22.9286 94.4793046802712 68
18000 22.8849 94.4793046802712 66
20000 22.5567 94.4793046802712 66
22000 22.7088 94.4793046802712 68
24000 22.7699 94.4793046802712 66
26000 22.9757 94.4793046802712 66
28000 22.8308 94.4793046802712 65
30000 22.9395 94.4793046802712 68
32000 23.0537 94.4793046802712 67
34000 22.8262 94.4793046802712 67
36000 22.7703 94.4793046802712 70
38000 22.9605 94.4793046802712 69
40000 23.01 94.4793046802712 68
42000 22.9745 94.4793046802712 66
44000 22.9046 94.4793046802712 67
46000 22.7133 94.4793046802712 68
48000 22.7396 94.4793046802712 68
50000 22.7629 94.4793046802712 67
52000 22.723 94.4793046802712 67
54000 22.9285 94.4793046802712 67
56000 22.8532 94.4793046802712 66
58000 22.7117 94.4793046802712 63
60000 22.7919 94.4793046802712 64
62000 22.85 94.4793046802712 66
64000 22.8406 94.4793046802712 66
66000 22.7009 94.4793046802712 66
68000 22.9539 94.4793046802712 66
70000 22.915 94.4793046802712 66
72000 22.8327 94.4793046802712 66
74000 22.9268 94.4793046802712 66
76000 22.6931 94.4793046802712 66
78000 22.7665 94.4793046802712 67
80000 22.9496 94.4793046802712 67
82000 22.7449 94.4793046802712 68
84000 22.9049 94.4793046802712 67
86000 22.7045 94.4793046802712 67
88000 22.6111 94.4793046802712 68
90000 22.9575 94.4793046802712 69
92000 22.7984 94.4793046802712 70
94000 22.9599 94.4793046802712 71
96000 22.7027 94.4793046802712 71
98000 23.0104 94.4793046802712 71
22.7254
100
2000 22.4711 98.0440373804555 37
4000 22.671 98.0440373804555 41
6000 22.637 98.0440373804555 46
8000 22.6021 98.0440373804555 57
10000 22.8758 96.28459386334781 60
12000 23.7147 99.1912637541202 61
14000 23.4873 99.1912637541202 63
16000 23.5215 99.1912637541202 64
18000 23.5016 99.1912637541202 65
20000 23.1736 99.1912637541202 65
22000 23.3602 99.1912637541202 65
24000 23.3367 99.1912637541202 65
26000 23.4491 99.1912637541202 67
28000 23.4112 99.1912637541202 66
30000 23.5758 99.1912637541202 67
32000 23.4871 99.1912637541202 68
34000 23.3662 99.1912637541202 66
36000 23.5017 99.1912637541202 67
38000 23.4401 99.1912637541202 64
40000 23.3104 99.1912637541202 63
42000 23.493 99.1912637541202 64
44000 23.5501 99.1912637541202 64
46000 23.2109 99.1912637541202 65
48000 23.4847 99.1912637541202 66
50000 23.5378 99.1912637541202 67
52000 23.4048 99.1912637541202 67
54000 23.8554 99.1912637541202 68
56000 23.5024 99.1912637541202 67
58000 23.5812 99.1912637541202 68
60000 23.4144 99.1912637541202 67
62000 23.611 99.1912637541202 67
64000 23.4492 99.1912637541202 67
66000 23.3828 99.1912637541202 67
68000 23.2956 99.1912637541202 67
70000 23.4363 99.1912637541202 65
72000 23.5546 99.1912637541202 65
74000 23.4303 99.1912637541202 66
76000 23.4527 99.1912637541202 67
78000 23.3953 99.1912637541202 67
80000 23.5396 99.1912637541202 67
82000 23.4879 99.1912637541202 67
84000 23.3673 99.1912637541202 68
86000 23.4684 99.1912637541202 68
88000 23.6185 99.1912637541202 68
90000 23.518 99.1912637541202 67
92000 23.5196 99.1912637541202 67
94000 23.6098 99.1912637541202 67
96000 23.5227 99.1912637541202 66
98000 23.5062 99.1912637541202 66
23.5659

Process finished with exit code 0
