2000
22.0163
4000
23.4051
6000
21.7321
8000
21.6
10000
22.1485
12000
21.9602
14000
22.7714
16000
22.6898
18000
22.8653
20000
22.9278
22000
22.8694
24000
22.9496
26000
22.7166
28000
23.4404
30000
23.4712
32000
23.3082
34000
23.3991
36000
23.4266
38000
23.2874
40000
23.5008
42000
23.3824
44000
23.591
46000
23.473
48000
23.3372
50000
23.5044
52000
23.4499
54000
23.2974
56000
23.5202
58000
23.6696
60000
23.586
62000
23.7242
64000
23.4199
66000
23.2927
68000
22.8928
70000
22.8745
72000
22.9427
74000
22.7749
76000
23.4908
78000
23.4414
80000
23.4934
82000
23.4763
84000
23.3636
86000
23.7369
88000
23.3213
90000
23.641
92000
23.6605
94000
23.2683
96000
23.5623
98000
23.5271
100000
23.4501
2000
21.2536
4000
22.0351
6000
23.0279
8000
22.7945
10000
23.0214
12000
23.5738
14000
23.4767
16000
23.5174
18000
23.631
20000
23.4607
22000
23.6843
24000
23.5476
26000
23.4818
28000
23.5915
30000
23.5305
32000
23.7174
34000
23.407
36000
23.5497
38000
23.6283
40000
23.4139
42000
23.4321
44000
23.4457
46000
23.3422
48000
23.6028
50000
23.4193
52000
23.6234
54000
23.6798
56000
23.4137
58000
23.655
60000
23.3189
62000
23.4745
64000
23.3316
66000
23.6286
68000
23.6303
70000
23.7418
72000
23.4847
74000
23.326
76000
23.5767
78000
23.3788
80000
23.6388
82000
23.5754
84000
23.3832
86000
23.6346
88000
23.5646
90000
23.5832
92000
23.5963
94000
23.4451
96000
23.6338
98000
23.783
100000
23.469
2000
22.8322
4000
22.8616
6000
22.7142
8000
22.757
10000
22.6825
12000
22.9511
14000
23.3864
16000
23.5334
18000
23.3406
20000
23.3415
22000
23.1955
24000
23.2238
26000
23.563
28000
23.6162
30000
23.1119
32000
23.4553
34000
23.3241
36000
23.3613
38000
23.5062
40000
23.4044
42000
23.3082
44000
23.6428
46000
21.747
48000
22.0851
50000
22.1794
52000
22.0772
54000
22.1187
56000
22.1225
58000
22.0858
60000
22.1881
62000
22.1658
64000
22.0169
66000
22.3646
68000
21.8157
70000
22.1779
72000
23.1988
74000
23.4217
76000
23.2114
78000
23.1272
80000
23.3092
82000
23.4263
84000
23.2761
86000
23.6253
88000
23.1313
90000
23.308
92000
23.0952
94000
23.2575
96000
23.2853
98000
23.2398
100000
23.268
2000
23.3124
4000
22.2002
6000
22.1569
8000
21.7976
10000
21.9377
12000
22.2947
14000
22.3223
16000
22.1411
18000
22.1417
20000
23.4265
22000
23.5141
24000
23.7582
26000
23.4967
28000
23.5788
30000
23.4893
32000
23.4742
34000
23.4941
36000
23.5511
38000
23.6459
40000
23.3641
42000
23.4642
44000
23.5999
46000
23.6041
48000
23.5588
50000
23.4128
52000
23.4543
54000
23.5049
56000
23.6538
58000
23.4807
60000
23.6051
62000
23.555
64000
23.353
66000
23.3957
68000
23.4853
70000
23.3957
72000
23.4642
74000
23.3605
76000
23.409
78000
23.2848
80000
23.3991
82000
23.412
84000
23.6561
86000
23.2883
88000
23.4319
90000
23.3718
92000
23.5413
94000
23.4085
96000
23.5688
98000
23.5244
100000
23.506
2000
22.982
4000
22.7808
6000
22.0422
8000
22.276
10000
22.0764
12000
21.9369
14000
22.0688
16000
22.1093
18000
23.1715
20000
22.63
22000
22.7796
24000
22.5517
26000
22.5741
28000
22.5454
30000
22.6016
32000
22.835
34000
22.8686
