2000
22.9741
4000
23.1502
6000
22.2631
8000
22.2793
10000
22.3534
12000
23.1817
14000
22.7797
16000
23.3619
18000
23.5406
20000
22.9249
22000
23.0313
24000
23.1679
26000
23.0461
28000
23.1645
30000
22.9668
32000
22.9568
34000
23.0159
36000
22.8512
38000
22.9924
40000
23.2995
42000
23.3572
44000
23.0799
46000
22.9741
48000
22.979
50000
22.8747
52000
23.3537
54000
23.0365
56000
23.1118
58000
23.11
60000
23.2045
62000
23.0449
64000
22.8818
66000
22.8809
68000
23.7225
70000
23.4504
72000
23.3802
74000
23.3592
76000
23.5786
78000
23.3919
80000
23.1499
82000
23.1912
84000
23.4524
86000
23.0686
88000
23.4901
90000
23.2223
92000
23.5136
94000
23.4185
96000
23.3253
98000
23.3283
100000
23.256
2000
23.5329
4000
23.0422
6000
22.8618
8000
23.4517
10000
23.3245
12000
23.5321
14000
23.2513
16000
22.9556
18000
23.1971
20000
22.9702
22000
23.3365
24000
22.9261
26000
22.8861
28000
22.9079
30000
23.0747
32000
23.012
34000
23.026
36000
23.0813
38000
22.9817
40000
23.3152
42000
22.9954
44000
23.0241
46000
22.9921
48000
23.1913
50000
22.9409
52000
22.9987
54000
23.1975
56000
23.1184
58000
22.9934
60000
23.2254
62000
23.2747
64000
23.0692
66000
22.7359
68000
23.0395
70000
22.7735
72000
23.0562
74000
23.0102
76000
22.9158
78000
22.8418
80000
22.8004
82000
22.788
84000
22.4322
86000
22.5043
88000
22.6733
90000
22.845
92000
22.5999
94000
22.4827
96000
22.3414
98000
22.4336
100000
22.6201
2000
22.7392
4000
22.8501
6000
22.998
8000
22.6828
10000
23.2232
12000
23.009
14000
23.31
16000
23.1535
18000
23.384
20000
23.2627
22000
23.2476
24000
23.2338
26000
23.0566
28000
23.3311
30000
23.1189
32000
23.1956
34000
23.2035
36000
22.9889
38000
23.1295
40000
23.2586
42000
23.152
44000
23.1327
46000
22.9419
48000
23.1837
50000
23.0481
52000
23.3934
54000
23.2223
56000
23.2664
58000
23.3263
60000
23.277
62000
23.2573
64000
22.8871
66000
23.184
68000
23.2147
70000
23.2671
72000
23.6347
74000
23.4257
76000
23.4838
78000
23.4468
80000
23.4225
82000
23.784
84000
23.2788
86000
23.3543
88000
23.2735
90000
23.5412
92000
23.3072
94000
23.5662
96000
23.4413
98000
23.2439
100000
23.417
2000
23.6591
4000
23.0238
6000
22.7681
8000
22.8081
10000
22.8716
12000
22.7896
14000
22.78
16000
22.813
18000
23.0487
20000
22.6908
22000
22.9016
24000
22.7876
26000
22.9709
28000
22.8928
30000
22.7549
32000
22.6441
34000
22.823
36000
22.8307
38000
22.7201
40000
22.8987
42000
22.6388
44000
22.8143
46000
22.8945
48000
22.7243
50000
23.0569
52000
22.9282
54000
22.8223
56000
22.9298
58000
22.5973
60000
22.7494
62000
22.5814
64000
22.6837
66000
22.7546
68000
23.0033
70000
22.8039
72000
22.841
74000
22.6382
76000
22.7459
78000
23.1874
80000
22.7469
82000
22.7593
84000
23.0995
86000
23.0591
88000
23.0518
90000
22.6648
92000
23.0605
94000
23.0866
96000
23.1525
98000
23.152
100000
22.988
2000
21.2069
4000
22.8947
6000
22.9021
8000
23.0545
10000
23.0786
12000
23.1816
14000
22.8789
16000
22.6394
18000
22.9658
20000
22.9214
22000
22.8102
24000
22.931
26000
22.9205
28000
22.7816
30000
23.104
32000
22.8977
34000
22.5039
36000
22.4229
38000
22.6759
40000
22.5499
42000
22.3754
44000
22.6903
46000
22.6903
48000
22.4635
50000
22.5926
52000
22.5491
54000
22.7764
56000
22.5539
58000
22.6243
60000
22.4828
62000
22.7372
64000
22.5761
66000
22.5629
68000
22.7067
70000
22.5589
72000
22.5332
74000
22.4647
76000
22.7063
78000
22.8096
80000
22.575
82000
22.4718
84000
22.7629
86000
22.768
88000
22.609
90000
22.7811
92000
22.4246
94000
22.6033
96000
22.6003
98000
22.6412
100000
22.577
2000
22.3818
4000
23.0244
6000
22.6071
8000
22.7018
10000
22.659
12000
22.6498
14000
22.6344
16000
22.5535
18000
22.8458
20000
22.7917
22000
22.4811
24000
22.393
26000
22.7143
28000
22.4175
30000
22.6219
32000
22.5049
34000
23.5583
36000
23.4052
38000
23.5551
40000
23.3864
42000
23.597
44000
23.6111
46000
23.4288
48000
23.4234
