2000
22.3549
4000
22.5046
6000
22.4971
8000
22.4364
10000
22.8488
12000
23.3341
14000
23.1417
16000
23.0077
18000
22.9765
20000
22.9442
22000
22.7916
24000
22.6942
26000
22.8695
28000
22.8999
30000
22.8081
32000
22.803
34000
22.7152
36000
22.986
38000
23.0787
40000
22.9505
42000
22.084
44000
21.9624
46000
22.2164
48000
22.1311
50000
22.0501
52000
21.8382
54000
22.1701
56000
22.042
58000
22.1225
60000
22.2267
62000
23.2242
64000
23.2646
66000
23.3967
68000
23.3123
70000
23.319
72000
23.4547
74000
23.3452
76000
23.2191
78000
23.3493
80000
23.1256
82000
23.2128
84000
23.1734
86000
23.2981
88000
23.3543
90000
23.3144
92000
23.3953
94000
23.4118
96000
23.0385
98000
23.2974
100000
23.1409
2000
22.522
4000
22.9438
6000
23.0289
8000
22.0702
10000
22.8425
12000
22.8746
14000
22.8707
16000
22.8296
18000
23.5145
20000
23.6293
22000
23.5528
24000
23.5336
26000
23.6131
28000
23.5248
30000
23.3565
32000
23.5609
34000
23.5382
36000
23.4467
38000
23.6916
40000
23.3497
42000
23.5492
44000
23.512
46000
23.5855
48000
23.5722
50000
23.5401
52000
23.4698
54000
23.4935
56000
23.4363
58000
23.4605
60000
23.4866
62000
23.3409
64000
23.4038
66000
23.3631
68000
23.1821
70000
23.2239
72000
23.2315
74000
23.2874
76000
23.32
78000
23.092
80000
23.1377
82000
23.0212
84000
23.0535
86000
22.8358
88000
22.9768
90000
23.025
92000
22.8852
94000
22.7179
96000
22.8754
98000
22.7682
100000
22.8684
2000
22.5855
4000
21.8664
6000
21.6887
8000
21.8756
10000
21.8511
12000
21.9656
14000
21.9442
16000
21.8922
18000
21.9036
20000
23.4697
22000
23.2066
24000
23.5737
26000
23.4605
28000
23.5876
30000
23.3533
32000
23.4265
34000
23.4872
36000
23.657
38000
23.3351
40000
23.3382
42000
23.279
44000
23.6331
46000
23.5077
48000
23.3555
50000
23.6361
52000
23.5186
54000
23.4499
56000
23.2937
58000
23.3958
60000
23.4652
62000
23.4042
64000
23.4048
66000
23.4694
68000
23.3132
70000
23.4905
72000
23.2797
74000
23.1174
76000
22.7871
78000
23.1534
80000
23.0296
82000
23.104
84000
22.9828
86000
22.8485
88000
23.1654
90000
22.9277
92000
23.1503
94000
23.1449
96000
23.0164
98000
23.2005
100000
23.0879
2000
21.7589
4000
23.5879
6000
23.1665
8000
22.5441
10000
22.7292
12000
22.6535
14000
22.705
16000
22.9863
18000
23.1172
20000
21.6087
22000
23.0208
24000
23.023
26000
22.909
28000
23.0362
30000
23.0719
32000
23.054
34000
23.0335
36000
22.9728
38000
22.8743
40000
22.9329
42000
23.3435
44000
22.92
46000
22.8157
48000
22.5295
50000
22.665
52000
22.5855
54000
22.7556
56000
22.8679
58000
22.9426
60000
22.7535
62000
22.5482
64000
22.6918
66000
22.7235
68000
23.1103
70000
22.9013
72000
23.1175
74000
23.0518
76000
23.3113
78000
23.1498
80000
23.0679
82000
23.2004
84000
22.9347
86000
23.0558
88000
22.9131
90000
22.9775
92000
23.3384
94000
23.1654
96000
22.9589
98000
23.0558
100000
23.055
2000
23.4311
4000
22.8006
6000
22.7533
8000
23.0412
10000
22.6579
12000
22.9539
14000
22.7362
16000
22.677
18000
22.7312
20000
22.7818
22000
22.7337
24000
22.805
26000
22.6287
28000
22.8105
30000
22.8345
32000
23.0391
34000
22.7511
36000
22.7186
38000
22.6744
40000
22.8092
42000
22.7165
44000
22.9256
46000
22.67
48000
22.6997
50000
22.8524
52000
22.8138
54000
22.8368
56000
22.7883
58000
22.6784
60000
22.7366
62000
22.7315
64000
22.7668
66000
22.9233
68000
22.8668
70000
22.9458
72000
22.9065
74000
22.8406
76000
22.9524
78000
22.9919
80000
22.6525
82000
22.9113
84000
23.0021
86000
22.609
88000
22.7794
90000
22.5545
92000
22.6258
94000
22.7335
96000
22.7636
98000
22.779
100000
22.8734
2000
22.9601
4000
23.4991
6000
23.6264
8000
23.5554
10000
23.4992
12000
23.5195
14000
23.344
16000
23.4532
18000
23.4988
20000
23.3223
22000
23.5855
24000
23.6302
26000
23.5886
28000
23.4409
30000
23.5173
32000
23.4239
34000
23.3313
36000
23.6537
38000
23.7124
40000
23.4958
42000
23.5557
44000
23.4172
46000
23.3579
48000
23.5204
50000
23.3308
52000
23.4861
54000
23.4494
56000
23.6412
58000
23.5949
60000
23.5225
62000
23.4898
64000
23.366
66000
23.4436
68000
23.3937
70000
23.6718
72000
23.2873
74000
23.3834
76000
23.3848
78000
23.4884
80000
23.3788
82000
23.4825
84000
23.3321
86000
23.5281
88000
23.4695
90000
23.445
92000
23.388
94000
23.4098
96000
23.6075
98000
23.4045
100000
23.3039
2000
22.3485
4000
22.8096
6000
22.5287
8000
22.7668
10000
22.667
12000
22.6737
14000
23.343
16000
23.538
18000
23.4375
20000
23.4995
22000
23.3691
24000
23.3972
26000
23.4416
28000
23.2687
30000
23.4092
32000
23.2385
34000
23.285
36000
23.4811
38000
23.4807
40000
23.4511
42000
23.3688
44000
23.3824
46000
23.505
48000
23.47
50000
23.569
52000
23.4278
54000
23.5497
56000
23.1728
58000
23.5983
60000
23.4315
62000
23.671
64000
23.5542
66000
23.7525
68000
23.6578
70000
23.5225
72000
23.3705
74000
23.4497
76000
23.5489
78000
23.448
80000
23.4239
82000
23.3219
84000
23.2281
86000
23.3363
88000
23.561
90000
23.4094
92000
23.572
