   3.0259623e-01
   3.6443240e-01
   1.1722066e-01
   4.9847525e-01
   1.7588117e-01
   3.4117289e-01
   1.6609464e-01
   0.0000000e+00
   3.2071942e-01
   7.8074391e-02
   1.1570311e-01
   1.5295394e-01
   1.4055487e-01
   2.3885053e-01
   6.1577687e-01
   2.1900876e-01
   1.7719174e-01
   2.6761358e-01
   2.3665569e-01
   6.0246177e-01
   2.4092339e-01
   6.2761207e-01
   2.0904560e-01
   3.5803691e-01
   3.3884505e-01
   3.7130757e-01
   2.3252194e-01
   5.2150760e-01
   2.1370052e-01
   5.0177519e-01
   2.4405668e-01
   4.5747728e-01
   1.8289278e-01
   2.3544417e-01
   2.2195623e-01
   2.3182809e-01
   2.3103184e-01
   3.9659169e-01
   5.6418407e-02
   5.2237753e-01
   1.2896458e-01
   4.1873701e-01
   1.0477824e-01
   7.8074391e-02
   3.1680119e-01
   0.0000000e+00
   1.8539374e-01
   7.8865093e-02
   8.7862704e-02
   1.6523685e-01
   6.0554735e-01
   1.4622641e-01
   2.4986882e-01
   3.4445459e-01
   1.6730647e-01
   6.3409183e-01
   1.6769380e-01
   6.1257262e-01
   1.3126784e-01
   2.8147500e-01
   2.7023794e-01
   3.2181697e-01
   1.7929597e-01
   4.6020389e-01
   1.5473633e-01
   4.2420166e-01
   1.9319644e-01
   3.9209254e-01
   1.1643747e-01
   1.6850166e-01
   1.5557983e-01
   1.7378406e-01
   1.5219730e-01
   4.6371640e-01
   9.3256652e-02
   5.8324109e-01
   1.5330168e-01
   4.8754211e-01
   1.1476414e-01
   1.5295394e-01
   3.6277509e-01
   7.8865093e-02
   2.6403318e-01
   0.0000000e+00
   5.5571210e-02
   8.6495388e-02
   6.3928694e-01
   1.1587838e-01
   3.2814933e-01
   4.1164545e-01
   1.4338234e-01
   6.9872581e-01
   1.3219054e-01
   6.4176558e-01
   7.6996455e-02
   2.2532178e-01
   2.3819312e-01
   3.2013575e-01
   1.8484922e-01
   4.3556050e-01
   1.5518906e-01
   3.5047536e-01
   2.0027465e-01
   3.1479728e-01
   1.1162491e-01
   1.5032608e-01
   1.4101382e-01
   1.7241658e-01
   6.6939476e-02
   5.3800737e-01
   1.6809482e-01
   6.5064723e-01
   2.0873605e-01
   5.6843339e-01
   1.6879215e-01
   2.3885053e-01
   4.1997839e-01
   1.6523685e-01
   3.5052214e-01
   8.6495388e-02
   1.1418100e-01
   0.0000000e+00
   6.7925173e-01
   1.3217008e-01
   4.1461631e-01
   4.9185348e-01
   1.5747221e-01
   7.6915303e-01
   1.3559634e-01
   6.7705606e-01
   8.3162783e-02
   1.7771453e-01
   2.2390293e-01
   3.3365814e-01
   2.1975069e-01
   4.1735659e-01
   1.9108721e-01
   2.6987495e-01
   2.3424163e-01
   2.3359522e-01
   1.5528505e-01
   1.6891643e-01
   1.6602239e-01
   2.0306972e-01
   0.0000000e+00
   6.0325685e-01
   2.3468772e-01
   7.1328567e-01
   2.7065885e-01
   6.2515748e-01
   2.3155972e-01
   3.0259623e-01
   4.7946439e-01
   2.3103184e-01
   4.1577000e-01
   1.5219730e-01
   1.6954197e-01
   6.6939476e-02
   7.2850070e-01
   1.8560779e-01
   4.7932048e-01
   5.4821621e-01
   2.0706752e-01
   8.3276972e-01
   1.8288790e-01
   7.2368250e-01
   1.4148711e-01
   1.8131944e-01
   2.5073384e-01
   3.7267852e-01
   2.7400765e-01
   4.3211156e-01
   2.4714063e-01
   2.2195643e-01
   2.8748082e-01
   1.6776852e-01
   2.1591205e-01
   2.1943142e-01
   2.1949726e-01
   2.5638530e-01
   2.3468772e-01
   3.7161791e-01
   0.0000000e+00
   4.8998474e-01
   7.3164822e-02
   4.5445001e-01
   5.0026733e-02
   1.1722066e-01
   2.7225331e-01
   5.6418407e-02
   2.0270082e-01
   9.3256652e-02
   1.2819655e-01
   1.6809482e-01
   5.5565134e-01
   1.0385330e-01
   2.6785455e-01
   3.8276019e-01
   1.1956212e-01
   6.0573497e-01
   1.2576625e-01
   5.6102526e-01
   1.0749094e-01
   2.4632005e-01
   2.2163627e-01
   2.6554245e-01
   1.2307650e-01
   4.0705659e-01
   9.9624401e-02
   4.0514999e-01
   1.3682284e-01
   4.0163332e-01
   6.5672146e-02
   1.1827032e-01
   1.0481660e-01
   1.1852571e-01
   2.7065885e-01
   3.3653656e-01
   7.3164822e-02
   4.4263017e-01
   0.0000000e+00
   4.9589752e-01
   4.0292318e-02
   1.7588117e-01
   2.1212078e-01
   1.2896458e-01
   2.3193185e-01
   1.5330168e-01
   1.9750355e-01
   2.0873605e-01
   4.8652785e-01
   9.4953410e-02
   2.9325309e-01
   4.2860485e-01
   9.1793980e-02
   5.6236952e-01
   1.1105324e-01
   4.9029429e-01
   1.2942658e-01
   2.2882558e-01
   1.7798573e-01
   1.9615774e-01
   5.7341930e-02
   3.4733577e-01
   4.7533766e-02
   4.0572914e-01
   6.8175930e-02
   4.3763473e-01
   5.5134842e-02
   8.3095327e-02
   7.1884227e-02
   6.1134302e-02
   2.3155972e-01
   3.7315684e-01
   5.0026733e-02
   4.8203987e-01
   4.0292318e-02
   4.9933162e-01
   0.0000000e+00
   1.6609464e-01
   2.5241106e-01
   1.0477824e-01
   2.4119885e-01
   1.1476414e-01
   1.6214943e-01
   1.6879215e-01
   5.2453918e-01
   6.5779483e-02
   3.0515597e-01
   4.2903578e-01
   7.3829676e-02
   6.0121139e-01
   8.5937706e-02
   5.2715148e-01
   9.1239072e-02
   2.0798579e-01
   1.7343772e-01
   2.1784276e-01
   7.5698189e-02
   3.5703253e-01
   4.9963128e-02
   3.7764261e-01
   9.0423951e-02
   3.9897800e-01
   2.1490645e-02
   7.0244030e-02
   5.6712963e-02
   6.9005856e-02
   1.8560779e-01
   4.3070093e-01
   1.0385330e-01
   5.3192912e-01
   9.4953410e-02
   5.5819968e-01
   6.5779483e-02
   2.1900876e-01
   2.9494536e-01
   1.4622641e-01
   3.0462316e-01
   1.1587838e-01
   1.7130707e-01
   1.3217008e-01
   5.4708902e-01
   0.0000000e+00
   3.6920769e-01
   4.8605525e-01
   2.8016238e-02
   6.5313161e-01
   2.1963993e-02
   5.4508128e-01
   5.0142935e-02
   1.4334213e-01
   1.2576701e-01
   2.0774140e-01
   8.8538302e-02
   3.2117596e-01
   6.1840311e-02
   3.1240742e-01
   1.0249376e-01
   3.4908550e-01
   4.4306146e-02
   3.7532767e-02
   3.4103479e-02
   7.1248558e-02
   2.0706752e-01
   4.2123775e-01
   1.1956212e-01
   5.1719142e-01
   9.1793980e-02
   5.7281628e-01
   7.3829676e-02
   2.3665569e-01
   2.7802057e-01
   1.6730647e-01
   3.1482425e-01
   1.4338234e-01
   1.9862306e-01
   1.5747221e-01
   5.2266245e-01
   2.8016238e-02
   3.7844908e-01
   5.0194006e-01
   0.0000000e+00
   6.3924179e-01
   2.4721786e-02
   5.1970688e-01
   7.7247680e-02
   1.3722366e-01
   1.0296669e-01
   1.7986541e-01
   6.8982186e-02
   2.9558150e-01
   4.8476915e-02
   3.1503907e-01
   8.1099116e-02
   3.6728836e-01
   5.4191740e-02
   1.2595064e-02
   1.9915539e-02
   5.0885674e-02
   1.8288790e-01
   4.4404948e-01
   1.2576625e-01
   5.4149206e-01
   1.1105324e-01
   5.8015092e-01
   8.5937706e-02
   2.4092339e-01
   3.0260216e-01
   1.6769380e-01
   3.2603716e-01
   1.3219054e-01
   1.8774199e-01
   1.3559634e-01
   5.4614120e-01
   2.1963993e-02
   3.9046475e-01
   5.0801622e-01
   2.4721786e-02
   6.6338730e-01
   0.0000000e+00
   5.4254878e-01
   5.9394206e-02
   1.2215409e-01
   1.0649185e-01
   1.9877732e-01
   9.3639240e-02
   3.0340394e-01
   7.1449069e-02
   2.9469805e-01
   1.0580296e-01
   3.4257011e-01
   6.4545938e-02
   3.7316849e-02
   4.1678129e-02
   7.5553504e-02
   2.7400765e-01
   3.5648240e-01
   1.2307650e-01
   4.4864604e-01
   5.7341930e-02
   5.5196505e-01
   7.5698189e-02
   2.3252194e-01
   2.0907139e-01
   1.7929597e-01
   2.8683654e-01
   1.8484922e-01
   2.3576641e-01
   2.1975069e-01
   4.6022380e-01
   8.8538302e-02
   3.4653949e-01
   4.8543895e-01
   6.8982186e-02
   5.7097422e-01
   9.3639240e-02
   4.5983681e-01
   1.3662982e-01
   1.9325013e-01
   1.2729285e-01
   1.4252544e-01
   0.0000000e+00
   2.8999662e-01
   2.9931565e-02
   3.7710005e-01
   1.5432800e-02
   4.3597632e-01
   7.3234738e-02
   5.6441100e-02
   5.4515512e-02
   1.8097920e-02
   2.4714063e-01
   3.7284932e-01
   9.9624401e-02
   4.7071277e-01
   4.7533766e-02
   5.4114898e-01
   4.9963128e-02
   2.1370052e-01
   2.3312596e-01
   1.5473633e-01
   2.7849463e-01
   1.5518906e-01
   2.0673650e-01
   1.9108721e-01
   4.8973456e-01
   6.1840311e-02
   3.4041149e-01
   4.7263524e-01
   4.8476915e-02
   5.9230683e-01
   7.1449069e-02
   4.8966156e-01
   1.0794579e-01
   1.8315359e-01
   1.3112011e-01
   1.6879062e-01
   2.9931565e-02
   3.0802826e-01
   0.0000000e+00
   3.6322309e-01
   4.5321999e-02
   4.1089707e-01
   4.3771677e-02
   3.7631300e-02
   2.9788168e-02
   1.9065852e-02
   2.8748082e-01
   3.5000942e-01
   1.3682284e-01
   4.3867716e-01
   6.8175930e-02
   5.5934499e-01
   9.0423951e-02
   2.4405668e-01
   1.9828408e-01
   1.9319644e-01
   2.9352530e-01
   2.0027465e-01
   2.5105973e-01
   2.3424163e-01
   4.4534581e-01
   1.0249376e-01
   3.5198545e-01
   4.9382656e-01
   8.1099116e-02
   5.6135080e-01
   1.0580296e-01
   4.4465751e-01
   1.5122997e-01
   1.9874228e-01
   1.2663297e-01
   1.2885770e-01
   1.5432800e-02
   2.8033751e-01
   4.5321999e-02
   3.8373961e-01
   0.0000000e+00
   4.4836293e-01
   8.8654464e-02
   6.8518563e-02
   6.8396196e-02
   3.1245594e-02
   2.1591205e-01
   3.9131152e-01
   6.5672146e-02
   4.9745615e-01
   5.5134842e-02
   5.1869300e-01
   2.1490645e-02
   1.8289278e-01
   2.6470561e-01
   1.1643747e-01
   2.6197614e-01
   1.1162491e-01
   1.6299579e-01
   1.5528505e-01
   5.3044309e-01
   4.4306146e-02
   3.2616174e-01
   4.4775042e-01
   5.4191740e-02
   6.1743450e-01
   6.4545938e-02
   5.3149458e-01
   7.4467921e-02
   1.8667084e-01
   1.5598038e-01
   2.1167584e-01
   7.3234738e-02
   3.4377329e-01
   4.3771677e-02
   3.5640761e-01
   8.8654464e-02
   3.8260827e-01
   0.0000000e+00
   5.2721797e-02
   3.9411283e-02
   6.1853660e-02
   1.4148711e-01
   4.6438383e-01
   1.0749094e-01
   5.7192305e-01
   1.2942658e-01
   5.5000248e-01
   9.1239072e-02
   2.0904560e-01
   3.3836594e-01
   1.3126784e-01
   3.0816283e-01
   7.6996455e-02
   1.3156313e-01
   8.3162783e-02
   5.9648766e-01
   5.0142935e-02
   3.7350725e-01
   4.7561945e-01
   7.7247680e-02
   6.9179285e-01
   5.9394206e-02
   5.9495738e-01
   0.0000000e+00
   1.5175668e-01
   1.6265081e-01
   2.5685717e-01
   1.3662982e-01
   3.6040440e-01
   1.0794579e-01
   2.9804352e-01
   1.5122997e-01
   3.0820851e-01
   7.4467921e-02
   8.7632063e-02
   8.3306637e-02
   1.2014571e-01
   1.8131944e-01
   5.4874181e-01
   2.4632005e-01
   6.3174047e-01
   2.2882558e-01
   6.9901082e-01
   2.0798579e-01
   3.5803691e-01
   3.9109583e-01
   2.8147500e-01
   4.4795645e-01
   2.2532178e-01
   2.7551421e-01
   1.7771453e-01
   5.9016858e-01
   1.4334213e-01
   5.1253631e-01
   6.2559186e-01
   1.3722366e-01
   7.5505972e-01
   1.2215409e-01
   5.7863333e-01
   1.5175668e-01
   0.0000000e+00
   9.3989499e-02
   2.2471556e-01
   1.9325013e-01
   2.5132264e-01
   1.8315359e-01
   1.8580243e-01
   1.9874228e-01
   2.9633842e-01
   1.8667084e-01
   1.4592216e-01
   1.5704356e-01
   1.7756942e-01
   2.5073384e-01
   4.6943346e-01
   2.2163627e-01
   5.4359784e-01
   1.7798573e-01
   6.7172504e-01
   1.7343772e-01
   3.3884505e-01
   3.0467359e-01
   2.7023794e-01
   4.0960902e-01
   2.3819312e-01
   2.9358492e-01
   2.2390293e-01
   4.9678212e-01
   1.2576701e-01
   4.7123500e-01
   6.0225504e-01
   1.0296669e-01
   6.6693262e-01
   1.0649185e-01
   4.8623449e-01
   1.6265081e-01
   9.3989499e-02
   0.0000000e+00
   1.3123937e-01
   1.2729285e-01
   1.9775744e-01
   1.3112011e-01
   2.7489079e-01
   1.2663297e-01
   3.8552218e-01
   1.5598038e-01
   1.0342887e-01
   1.1695221e-01
   1.1735979e-01
   3.7267852e-01
   3.8452768e-01
   2.6554245e-01
   4.3465907e-01
   1.9615774e-01
   6.7258131e-01
   2.1784276e-01
   3.7130757e-01
   2.0964285e-01
   3.2181697e-01
   4.0703354e-01
   3.2013575e-01
   3.7380332e-01
   3.3365814e-01
   3.6555867e-01
   2.0774140e-01
   4.5941499e-01
   6.1136253e-01
   1.7986541e-01
   5.5653958e-01
   1.9877732e-01
   3.5536563e-01
   2.5685717e-01
   2.2471556e-01
   1.3123937e-01
   0.0000000e+00
   1.4252544e-01
   1.6974216e-01
   1.6879062e-01
   3.9900495e-01
   1.2885770e-01
   5.1575839e-01
   2.1167584e-01
   1.7080740e-01
   1.7915612e-01
   1.4999803e-01
   2.1943142e-01
   4.0969793e-01
   1.1827032e-01
   5.0482518e-01
   8.3095327e-02
   5.6944859e-01
   7.0244030e-02
   2.3544417e-01
   2.6550607e-01
   1.6850166e-01
   3.0970783e-01
   1.5032608e-01
   2.0508618e-01
   1.6891643e-01
   5.1074828e-01
   3.7532767e-02
   3.7280232e-01
   4.9927940e-01
   1.2595064e-02
   6.2695590e-01
   3.7316849e-02
   5.0814027e-01
   8.7632063e-02
   1.4592216e-01
   1.0342887e-01
   1.7080740e-01
   5.6441100e-02
   2.9232790e-01
   3.7631300e-02
   3.2563949e-01
   6.8518563e-02
   3.7988168e-01
   5.2721797e-02
   0.0000000e+00
   1.3546857e-02
   3.8344022e-02
   2.1949726e-01
   4.0244850e-01
   1.0481660e-01
   5.0029584e-01
   7.1884227e-02
   5.5597065e-01
   5.6712963e-02
   2.2195623e-01
   2.6213692e-01
   1.5557983e-01
   2.9656502e-01
   1.4101382e-01
   1.9516024e-01
   1.6602239e-01
   5.1326659e-01
   3.4103479e-02
   3.5984010e-01
   4.8574380e-01
   1.9915539e-02
   6.2200064e-01
   4.1678129e-02
   5.1167940e-01
   8.3306637e-02
   1.5704356e-01
   1.1695221e-01
   1.7915612e-01
   5.4515512e-02
   3.0484671e-01
   2.9788168e-02
   3.3472992e-01
   6.8396196e-02
   3.8206027e-01
   3.9411283e-02
   1.3546857e-02
   0.0000000e+00
   3.7150934e-02
   2.5638530e-01
   3.7339332e-01
   1.1852571e-01
   4.6663841e-01
   6.1134302e-02
   5.5687059e-01
   6.9005856e-02
   2.3182809e-01
   2.2716413e-01
   1.7378406e-01
   2.9304933e-01
   1.7241658e-01
   2.2472709e-01
   2.0306972e-01
   4.7634463e-01
   7.1248558e-02
   3.5406483e-01
   4.8907046e-01
   5.0885674e-02
   5.8889611e-01
   7.5553504e-02
   4.7520528e-01
   1.2014571e-01
   1.7756942e-01
   1.1735979e-01
   1.4999803e-01
   1.8097920e-02
   2.8969430e-01
   1.9065852e-02
   3.6049478e-01
   3.1245594e-02
   4.1796443e-01
   6.1853660e-02
   3.8344022e-02
   3.7150934e-02
   0.0000000e+00
   4.7946439e-01
   1.7513890e-01
   2.7225331e-01
   2.4099229e-01
   2.1212078e-01
   5.3270090e-01
   2.5241106e-01
   3.2071942e-01
   0.0000000e+00
   3.1680119e-01
   2.9209779e-01
   3.6277509e-01
   3.9985532e-01
   4.1997839e-01
   2.9522088e-01
   2.9494536e-01
   3.2151355e-01
   4.8712639e-01
   2.7802057e-01
   3.6414388e-01
   3.0260216e-01
   3.0913325e-01
   3.3836594e-01
   3.9109583e-01
   3.0467359e-01
   2.0964285e-01
   2.0907139e-01
   3.6964561e-01
   2.3312596e-01
   5.7677995e-01
   1.9828408e-01
   6.4402294e-01
   2.6470561e-01
   2.6550607e-01
   2.6213692e-01
   2.2716413e-01
   4.1577000e-01
   2.8024782e-01
   2.0270082e-01
   4.1951741e-01
   2.3193185e-01
   2.6628060e-01
   2.4119885e-01
   1.1570311e-01
   2.9209779e-01
   1.8539374e-01
   0.0000000e+00
   2.6403318e-01
   2.5625755e-01
   3.5052214e-01
   5.7971189e-01
   3.0462316e-01
   6.5345048e-02
   2.0507904e-01
   3.1482425e-01
   5.1192834e-01
   3.2603716e-01
   5.9824233e-01
   3.0816283e-01
   4.4795645e-01
   4.0960902e-01
   4.0703354e-01
   2.8683654e-01
   5.7146690e-01
   2.7849463e-01
   6.0594559e-01
   2.9352530e-01
   5.7293736e-01
   2.6197614e-01
   3.0970783e-01
   2.9656502e-01
   2.9304933e-01
   1.6954197e-01
   4.8428578e-01
   1.2819655e-01
   6.1008330e-01
   1.9750355e-01
   4.5597879e-01
   1.6214943e-01
   1.4055487e-01
   3.9985532e-01
   8.7862704e-02
   2.5625755e-01
   5.5571210e-02
   0.0000000e+00
   1.1418100e-01
   6.8336579e-01
   1.7130707e-01
   3.1685423e-01
   3.7913439e-01
   1.9862306e-01
   7.2192772e-01
   1.8774199e-01
   6.8777818e-01
   1.3156313e-01
   2.7551421e-01
   2.9358492e-01
   3.7380332e-01
   2.3576641e-01
   4.9106835e-01
   2.0673650e-01
   3.8389153e-01
   2.5105973e-01
   3.1740315e-01
   1.6299579e-01
   2.0508618e-01
   1.9516024e-01
   2.2472709e-01
   7.2850070e-01
   3.5108461e-01
   5.5565134e-01
   2.6484685e-01
   4.8652785e-01
   7.9264102e-01
   5.2453918e-01
   6.1577687e-01
   2.9522088e-01
   6.0554735e-01
   5.7971189e-01
   6.3928694e-01
   6.8336579e-01
   6.7925173e-01
   0.0000000e+00
   5.4708902e-01
   5.9659933e-01
   7.6036065e-01
   5.2266245e-01
   3.3289799e-01
   5.4614120e-01
   3.9559253e-02
   5.9648766e-01
   5.9016858e-01
   4.9678212e-01
   3.6555867e-01
   4.6022380e-01
   4.2891247e-01
   4.8973456e-01
   7.5839775e-01
   4.4534581e-01
   8.7964519e-01
   5.3044309e-01
   5.1074828e-01
   5.1326659e-01
   4.7634463e-01
   6.0325685e-01
   0.0000000e+00
   3.7161791e-01
   1.3959202e-01
   3.3653656e-01
   4.4642970e-01
   3.7315684e-01
   3.6443240e-01
   1.7513890e-01
   3.9659169e-01
   2.8024782e-01
   4.6371640e-01
   4.8428578e-01
   5.3800737e-01
   3.5108461e-01
   4.3070093e-01
   2.7147744e-01
   4.2400986e-01
   4.2123775e-01
   2.3843705e-01
   4.4404948e-01
   3.8093584e-01
   4.6438383e-01
   5.4874181e-01
   4.6943346e-01
   3.8452768e-01
   3.5648240e-01
   5.4376610e-01
   3.7284932e-01
   7.3351951e-01
   3.5000942e-01
   7.7102462e-01
   3.9131152e-01
   4.0969793e-01
   4.0244850e-01
   3.7339332e-01
   7.1328567e-01
   1.3959202e-01
   4.8998474e-01
   0.0000000e+00
   4.4263017e-01
   5.7212351e-01
   4.8203987e-01
   4.9847525e-01
   2.4099229e-01
   5.2237753e-01
   4.1951741e-01
   5.8324109e-01
   6.1008330e-01
   6.5064723e-01
   2.6484685e-01
   5.3192912e-01
   4.1000367e-01
   5.5740354e-01
   5.1719142e-01
   1.2336694e-01
   5.4149206e-01
   3.0181011e-01
   5.7192305e-01
   6.3174047e-01
   5.4359784e-01
   4.3465907e-01
   4.4864604e-01
   5.7127475e-01
   4.7071277e-01
   8.1719744e-01
   4.3867716e-01
   8.7994815e-01
   4.9745615e-01
   5.0482518e-01
   5.0029584e-01
   4.6663841e-01
   6.2515748e-01
   4.4642970e-01
   4.5445001e-01
   5.7212351e-01
   4.9589752e-01
   0.0000000e+00
   4.9933162e-01
   3.4117289e-01
   5.3270090e-01
   4.1873701e-01
   2.6628060e-01
   4.8754211e-01
   4.5597879e-01
   5.6843339e-01
   7.9264102e-01
   5.5819968e-01
   2.1516459e-01
   7.7005144e-02
   5.7281628e-01
   6.2040829e-01
   5.8015092e-01
   8.1850973e-01
   5.5000248e-01
   6.9901082e-01
   6.7172504e-01
   6.7258131e-01
   5.5196505e-01
   8.3774158e-01
   5.4114898e-01
   8.3753853e-01
   5.5934499e-01
   7.5693698e-01
   5.1869300e-01
   5.6944859e-01
   5.5597065e-01
   5.5687059e-01
   4.7932048e-01
   2.7147744e-01
   2.6785455e-01
   4.1000367e-01
   2.9325309e-01
   2.1516459e-01
   3.0515597e-01
   1.7719174e-01
   3.2151355e-01
   2.4986882e-01
   6.5345048e-02
   3.2814933e-01
   3.1685423e-01
   4.1461631e-01
   5.9659933e-01
   3.6920769e-01
   0.0000000e+00
   1.6584954e-01
   3.7844908e-01
   4.9017352e-01
   3.9046475e-01
   6.1868231e-01
   3.7350725e-01
   5.1253631e-01
   4.7123500e-01
   4.5941499e-01
   3.4653949e-01
   6.2648596e-01
   3.4041149e-01
   6.7127361e-01
   3.5198545e-01
   6.3423912e-01
   3.2616174e-01
   3.7280232e-01
   3.5984010e-01
   3.5406483e-01
   5.4821621e-01
   4.2400986e-01
   3.8276019e-01
   5.5740354e-01
   4.2860485e-01
   7.7005144e-02
   4.2903578e-01
   2.6761358e-01
   4.8712639e-01
   3.4445459e-01
   2.0507904e-01
   4.1164545e-01
   3.7913439e-01
   4.9185348e-01
   7.6036065e-01
   4.8605525e-01
   1.6584954e-01
   0.0000000e+00
   5.0194006e-01
   6.1995225e-01
   5.0801622e-01
   7.8350287e-01
   4.7561945e-01
   6.2559186e-01
   6.0225504e-01
   6.1136253e-01
   4.8543895e-01
   7.7376023e-01
   4.7263524e-01
   7.6121925e-01
   4.9382656e-01
   6.8047780e-01
   4.4775042e-01
   4.9927940e-01
   4.8574380e-01
   4.8907046e-01
   8.3276972e-01
   2.3843705e-01
   6.0573497e-01
   1.2336694e-01
   5.6236952e-01
   6.2040829e-01
   6.0121139e-01
   6.0246177e-01
   3.6414388e-01
   6.3409183e-01
   5.1192834e-01
   6.9872581e-01
   7.2192772e-01
   7.6915303e-01
   3.3289799e-01
   6.5313161e-01
   4.9017352e-01
   6.1995225e-01
   6.3924179e-01
   0.0000000e+00
   6.6338730e-01
   3.7242647e-01
   6.9179285e-01
   7.5505972e-01
   6.6693262e-01
   5.5653958e-01
   5.7097422e-01
   6.8742246e-01
   5.9230683e-01
   9.4055289e-01
   5.6135080e-01
   1.0000000e+00
   6.1743450e-01
   6.2695590e-01
   6.2200064e-01
   5.8889611e-01
   7.2368250e-01
   3.8093584e-01
   5.6102526e-01
   3.0181011e-01
   4.9029429e-01
   8.1850973e-01
   5.2715148e-01
   6.2761207e-01
   3.0913325e-01
   6.1257262e-01
   5.9824233e-01
   6.4176558e-01
   6.8777818e-01
   6.7705606e-01
   3.9559253e-02
   5.4508128e-01
   6.1868231e-01
   7.8350287e-01
   5.1970688e-01
   3.7242647e-01
   5.4254878e-01
   0.0000000e+00
   5.9495738e-01
   5.7863333e-01
   4.8623449e-01
   3.5536563e-01
   4.5983681e-01
   4.0412517e-01
   4.8966156e-01
   7.4218888e-01
   4.4465751e-01
   8.7108628e-01
   5.3149458e-01
   5.0814027e-01
   5.1167940e-01
   4.7520528e-01
   4.3211156e-01
   5.4376610e-01
   4.0705659e-01
   5.7127475e-01
   3.4733577e-01
   8.3774158e-01
   3.5703253e-01
   5.2150760e-01
   3.6964561e-01
   4.6020389e-01
   5.7146690e-01
   4.3556050e-01
   4.9106835e-01
   4.1735659e-01
   4.2891247e-01
   3.2117596e-01
   6.2648596e-01
   7.7376023e-01
   2.9558150e-01
   6.8742246e-01
   3.0340394e-01
   4.0412517e-01
   3.6040440e-01
   2.5132264e-01
   1.9775744e-01
   1.6974216e-01
   2.8999662e-01
   0.0000000e+00
   3.0802826e-01
   3.6291626e-01
   2.8033751e-01
   5.3497442e-01
   3.4377329e-01
   2.9232790e-01
   3.0484671e-01
   2.8969430e-01
   2.2195643e-01
   7.3351951e-01
   4.0514999e-01
   8.1719744e-01
   4.0572914e-01
   8.3753853e-01
   3.7764261e-01
   5.0177519e-01
   5.7677995e-01
   4.2420166e-01
   6.0594559e-01
   3.5047536e-01
   3.8389153e-01
   2.6987495e-01
   7.5839775e-01
   3.1240742e-01
   6.7127361e-01
   7.6121925e-01
   3.1503907e-01
   9.4055289e-01
   2.9469805e-01
   7.4218888e-01
   2.9804352e-01
   1.8580243e-01
   2.7489079e-01
   3.9900495e-01
   3.7710005e-01
   3.6291626e-01
   3.6322309e-01
   0.0000000e+00
   3.8373961e-01
   2.0714176e-01
   3.5640761e-01
   3.2563949e-01
   3.3472992e-01
   3.6049478e-01
   1.6776852e-01
   7.7102462e-01
   4.0163332e-01
   8.7994815e-01
   4.3763473e-01
   7.5693698e-01
   3.9897800e-01
   4.5747728e-01
   6.4402294e-01
   3.9209254e-01
   5.7293736e-01
   3.1479728e-01
   3.1740315e-01
   2.3359522e-01
   8.7964519e-01
   3.4908550e-01
   6.3423912e-01
   6.8047780e-01
   3.6728836e-01
   1.0000000e+00
   3.4257011e-01
   8.7108628e-01
   3.0820851e-01
   2.9633842e-01
   3.8552218e-01
   5.1575839e-01
   4.3597632e-01
   5.3497442e-01
   4.1089707e-01
   2.0714176e-01
   4.4836293e-01
   0.0000000e+00
   3.8260827e-01
   3.7988168e-01
   3.8206027e-01
   4.1796443e-01
