0 4
0 26
0 5
0 27
0 6
0 28
0 7
0 0
0 22
0 1
0 23
0 2
0 24
0 3
0 25
0 8
0 29
0 30
0 9
0 31
0 10
0 32
0 15
0 16
0 17
0 18
0 11
0 33
0 12
0 34
0 13
0 35
0 14
0 19
0 20
0 21
1 4
1 26
1 5
1 27
1 6
1 28
1 7
1 0
1 22
1 1
1 23
1 2
1 24
1 3
1 25
1 8
1 29
1 30
1 9
1 31
1 10
1 32
1 15
1 16
1 17
1 18
1 11
1 33
1 12
1 34
1 13
1 35
1 14
1 19
1 20
1 21
2 4
2 26
2 5
2 27
2 6
2 28
2 7
2 0
2 22
2 1
2 23
2 2
2 24
2 3
2 25
2 8
2 29
2 30
2 9
2 31
2 10
2 32
2 15
2 16
2 17
2 18
2 11
2 33
2 12
2 34
2 13
2 35
2 14
2 19
2 20
2 21
3 4
3 26
3 5
3 27
3 6
3 28
3 7
3 0
3 22
3 1
3 23
3 2
3 24
3 3
3 25
3 8
3 29
3 30
3 9
3 31
3 10
3 32
3 15
3 16
3 17
3 18
3 11
3 33
3 12
3 34
3 13
3 35
3 14
3 19
3 20
3 21
4 4
4 26
4 5
4 27
4 6
4 28
4 7
4 0
4 22
4 1
4 23
4 2
4 24
4 3
4 25
4 8
4 29
4 30
4 9
4 31
4 10
4 32
4 15
4 16
4 17
4 18
4 11
4 33
4 12
4 34
4 13
4 35
4 14
4 19
4 20
4 21
5 4
5 26
5 5
5 27
5 6
5 28
5 7
5 0
5 22
5 1
5 23
5 2
5 24
5 3
5 25
5 8
5 29
5 30
5 9
5 31
5 10
5 32
5 15
5 16
5 17
5 18
5 11
5 33
5 12
5 34
5 13
5 35
5 14
5 19
5 20
5 21
6 4
6 26
6 5
6 27
6 6
6 28
6 7
6 0
6 22
6 1
6 23
6 2
6 24
6 3
6 25
6 8
6 29
6 30
6 9
6 31
6 10
6 32
6 15
6 16
6 17
6 18
6 11
6 33
6 12
6 34
6 13
6 35
6 14
6 19
6 20
6 21
7 4
7 26
7 5
7 27
7 6
7 28
7 7
7 0
7 22
7 1
7 23
7 2
7 24
7 3
7 25
7 8
7 29
7 30
7 9
7 31
7 10
7 32
7 15
7 16
7 17
7 18
7 11
7 33
7 12
7 34
7 13
7 35
7 14
7 19
7 20
7 21
8 4
8 26
8 5
8 27
8 6
8 28
8 7
8 0
8 22
8 1
8 23
8 2
8 24
8 3
8 25
8 8
8 29
8 30
8 9
8 31
8 10
8 32
8 15
8 16
8 17
8 18
8 11
8 33
8 12
8 34
8 13
8 35
8 14
8 19
8 20
8 21
9 4
9 26
9 5
9 27
9 6
9 28
9 7
9 0
9 22
9 1
9 23
9 2
9 24
9 3
9 25
9 8
9 29
9 30
9 9
9 31
9 10
9 32
9 15
9 16
9 17
9 18
9 11
9 33
9 12
9 34
9 13
9 35
9 14
9 19
9 20
9 21
10 4
10 26
10 5
10 27
10 6
10 28
10 7
10 0
10 22
10 1
10 23
10 2
10 24
10 3
10 25
10 8
10 29
10 30
10 9
10 31
10 10
10 32
10 15
10 16
10 17
10 18
10 11
10 33
10 12
10 34
10 13
10 35
10 14
10 19
10 20
10 21
11 4
11 26
11 5
11 27
11 6
11 28
11 7
11 0
11 22
11 1
11 23
11 2
11 24
11 3
11 25
11 8
11 29
11 30
11 9
11 31
11 10
11 32
11 15
11 16
11 17
11 18
11 11
11 33
11 12
11 34
11 13
11 35
11 14
11 19
11 20
11 21
12 4
12 26
12 5
12 27
12 6
12 28
12 7
12 0
12 22
12 1
12 23
12 2
12 24
12 3
12 25
12 8
12 29
12 30
12 9
12 31
12 10
12 32
12 15
12 16
12 17
12 18
12 11
12 33
12 12
12 34
12 13
12 35
12 14
12 19
12 20
12 21
13 4
13 26
13 5
13 27
13 6
13 28
13 7
13 0
13 22
13 1
13 23
13 2
13 24
13 3
13 25
13 8
13 29
13 30
13 9
13 31
13 10
13 32
13 15
13 16
13 17
13 18
13 11
13 33
13 12
13 34
13 13
13 35
13 14
13 19
13 20
13 21
14 4
14 26
14 5
14 27
14 6
14 28
14 7
14 0
14 22
14 1
14 23
14 2
14 24
14 3
14 25
14 8
14 29
14 30
14 9
14 31
14 10
14 32
14 15
14 16
14 17
14 18
14 11
14 33
14 12
14 34
14 13
14 35
14 14
14 19
14 20
14 21
15 4
15 26
15 5
15 27
15 6
15 28
15 7
15 0
15 22
15 1
15 23
15 2
15 24
15 3
15 25
15 8
15 29
15 30
15 9
15 31
15 10
15 32
15 15
15 16
15 17
15 18
15 11
15 33
15 12
15 34
15 13
15 35
15 14
15 19
15 20
15 21
16 4
16 26
16 5
16 27
16 6
16 28
16 7
16 0
16 22
16 1
16 23
16 2
16 24
16 3
16 25
16 8
16 29
16 30
16 9
16 31
16 10
16 32
16 15
16 16
16 17
16 18
16 11
16 33
16 12
16 34
16 13
16 35
16 14
16 19
16 20
16 21
17 4
17 26
17 5
17 27
17 6
17 28
17 7
17 0
17 22
17 1
17 23
17 2
17 24
17 3
17 25
17 8
17 29
17 30
17 9
17 31
17 10
17 32
17 15
17 16
17 17
17 18
17 11
17 33
17 12
17 34
17 13
17 35
17 14
17 19
17 20
17 21
18 4
18 26
18 5
18 27
18 6
18 28
18 7
18 0
18 22
18 1
18 23
18 2
18 24
18 3
18 25
18 8
18 29
18 30
18 9
18 31
18 10
18 32
18 15
18 16
18 17
18 18
18 11
18 33
18 12
18 34
18 13
18 35
18 14
18 19
18 20
18 21
19 4
19 26
19 5
19 27
19 6
19 28
19 7
19 0
19 22
19 1
19 23
19 2
19 24
19 3
19 25
19 8
19 29
19 30
19 9
19 31
19 10
19 32
19 15
19 16
19 17
19 18
19 11
19 33
19 12
19 34
19 13
19 35
19 14
19 19
19 20
19 21
20 4
20 26
20 5
20 27
20 6
20 28
20 7
20 0
20 22
20 1
20 23
20 2
20 24
20 3
20 25
20 8
20 29
20 30
20 9
20 31
20 10
20 32
20 15
20 16
20 17
20 18
20 11
20 33
20 12
20 34
20 13
20 35
20 14
20 19
20 20
20 21
21 4
21 26
21 5
21 27
21 6
21 28
21 7
21 0
21 22
21 1
21 23
21 2
21 24
21 3
21 25
21 8
21 29
21 30
21 9
21 31
21 10
21 32
21 15
21 16
21 17
21 18
21 11
21 33
21 12
21 34
21 13
21 35
21 14
21 19
21 20
21 21
22 4
22 26
22 5
22 27
22 6
22 28
22 7
22 0
22 22
22 1
22 23
22 2
22 24
22 3
22 25
22 8
22 29
22 30
22 9
22 31
22 10
22 32
22 15
22 16
22 17
22 18
22 11
22 33
22 12
22 34
22 13
22 35
22 14
22 19
22 20
22 21
23 4
23 26
23 5
23 27
23 6
23 28
23 7
23 0
23 22
23 1
23 23
23 2
23 24
23 3
23 25
23 8
23 29
23 30
23 9
23 31
23 10
23 32
23 15
23 16
23 17
23 18
23 11
23 33
23 12
23 34
23 13
23 35
23 14
23 19
23 20
23 21
24 4
24 26
24 5
24 27
24 6
24 28
24 7
24 0
24 22
24 1
24 23
24 2
24 24
24 3
24 25
24 8
24 29
24 30
24 9
24 31
24 10
24 32
24 15
24 16
24 17
24 18
24 11
24 33
24 12
24 34
24 13
24 35
24 14
24 19
24 20
24 21
25 4
25 26
25 5
25 27
25 6
25 28
25 7
25 0
25 22
25 1
25 23
25 2
25 24
25 3
25 25
25 8
25 29
25 30
25 9
25 31
25 10
25 32
25 15
25 16
25 17
25 18
25 11
25 33
25 12
25 34
25 13
25 35
25 14
25 19
25 20
25 21
26 4
26 26
26 5
26 27
26 6
26 28
26 7
26 0
26 22
26 1
26 23
26 2
26 24
26 3
26 25
26 8
26 29
26 30
26 9
26 31
26 10
26 32
26 15
26 16
26 17
26 18
26 11
26 33
26 12
26 34
26 13
26 35
26 14
26 19
26 20
26 21
27 4
27 26
27 5
27 27
27 6
27 28
27 7
27 0
27 22
27 1
27 23
27 2
27 24
27 3
27 25
27 8
27 29
27 30
27 9
27 31
27 10
27 32
27 15
27 16
27 17
27 18
27 11
27 33
27 12
27 34
27 13
27 35
27 14
27 19
27 20
27 21
28 4
28 26
28 5
28 27
28 6
28 28
28 7
28 0
28 22
28 1
28 23
28 2
28 24
28 3
28 25
28 8
28 29
28 30
28 9
28 31
28 10
28 32
28 15
28 16
28 17
28 18
28 11
28 33
28 12
28 34
28 13
28 35
28 14
28 19
28 20
28 21
29 4
29 26
29 5
29 27
29 6
29 28
29 7
29 0
29 22
29 1
29 23
29 2
29 24
29 3
29 25
29 8
29 29
29 30
29 9
29 31
29 10
29 32
29 15
29 16
29 17
29 18
29 11
29 33
29 12
29 34
29 13
29 35
29 14
29 19
29 20
29 21
30 4
30 26
30 5
30 27
30 6
30 28
30 7
30 0
30 22
30 1
30 23
30 2
30 24
30 3
30 25
30 8
30 29
30 30
30 9
30 31
30 10
30 32
30 15
30 16
30 17
30 18
30 11
30 33
30 12
30 34
30 13
30 35
30 14
30 19
30 20
30 21
31 4
31 26
31 5
31 27
31 6
31 28
31 7
31 0
31 22
31 1
31 23
31 2
31 24
31 3
31 25
31 8
31 29
31 30
31 9
31 31
31 10
31 32
31 15
31 16
31 17
31 18
31 11
31 33
31 12
31 34
31 13
31 35
31 14
31 19
31 20
31 21
32 4
32 26
32 5
32 27
32 6
32 28
32 7
32 0
32 22
32 1
32 23
32 2
32 24
32 3
32 25
32 8
32 29
32 30
32 9
32 31
32 10
32 32
32 15
32 16
32 17
32 18
32 11
32 33
32 12
32 34
32 13
32 35
32 14
32 19
32 20
32 21
33 4
33 26
33 5
33 27
33 6
33 28
33 7
33 0
33 22
33 1
33 23
33 2
33 24
33 3
33 25
33 8
33 29
33 30
33 9
33 31
33 10
33 32
33 15
33 16
33 17
33 18
33 11
33 33
33 12
33 34
33 13
33 35
33 14
33 19
33 20
33 21
34 4
34 26
34 5
34 27
34 6
34 28
34 7
34 0
34 22
34 1
34 23
34 2
34 24
34 3
34 25
34 8
34 29
34 30
34 9
34 31
34 10
34 32
34 15
34 16
34 17
34 18
34 11
34 33
34 12
34 34
34 13
34 35
34 14
34 19
34 20
34 21
35 4
35 26
35 5
35 27
35 6
35 28
35 7
35 0
35 22
35 1
35 23
35 2
35 24
35 3
35 25
35 8
35 29
35 30
35 9
35 31
35 10
35 32
35 15
35 16
35 17
35 18
35 11
35 33
35 12
35 34
35 13
35 35
35 14
35 19
35 20
35 21
