38861.5590680533
46802.99998743346
15054.310086119764
64017.73479265459
22587.91078394879
43815.84807499639
21331.05493590577
0.0
41189.06839858549
10026.868363379714
14859.416331534572
19643.432908175873
18051.055029166306
30674.88241031895
79082.44329437467
28126.66136262914
22756.222299738056
34368.83820566847
30393.006399237926
77372.42351992511
30941.09425067554
80602.40385996366
26847.121394746355
45981.64495525636
43516.890760561095
47685.95825329161
29862.12034954242
66975.71278121715
27444.939705078636
64441.53720818002
31343.493265376324
58752.48437661613
23488.39088073568
30237.414530876114
28505.1970736139
29773.01122062712
29670.750787378827
50933.12379207416
7245.652877263733
67087.43579528376
16562.548771912305
53777.183846949396
13456.366440812686
10026.868363379714
40685.860399321
0.0
23809.581480852972
10128.415939534772
11283.953110635734
21220.89104911865
77768.69516266414
18779.434581875135
32089.929982458885
44237.307256935645
21486.68568704704
81434.58086527795
21536.42995945778
78670.93094161448
16858.349391062693
36149.020275293304
34705.877746173544
41330.02250045447
23026.462606833196
59102.65511277641
19872.339931523085
54478.99318928239
24811.65969102012
50355.31084009979
14953.727506858419
21640.181114329822
19980.667707998546
22318.58472017147
19546.25912492453
59553.7559890493
11976.682186269662
74903.9671587495
19688.09192136097
62613.624239904435
14738.826858637147
19643.432908175873
46590.15633593637
10128.415939534772
33909.01764164884
0.0
7136.849837114519
11108.352590894607
82101.77287798485
14881.925191322749
42143.27010804936
52866.43486897386
18414.178779476424
89735.33568117266
16976.84904654666
82420.09753851905
9888.432151648189
28937.424602829356
30590.453805101293
41114.10939482238
23739.651272208554
55937.77512403335
19930.481694323276
45010.53669317189
25720.693977952593
40428.505126767646
14335.664786752624
19305.943528972246
18109.996947509164
22142.96340110569
8596.843431678648
69094.73052428821
21587.931797649147
83560.74269454664
26807.367705749894
73002.25706048275
21677.488404988544
30674.88241031895
53936.61066532255
21220.89104911865
45016.54493700771
11108.352590894607
14663.935279333544
0.0
87234.33592227664
16974.220775020516
53247.97457394056
63167.32069462048
20223.70045416966
98780.09948920719
17414.245788542008
86952.35290926132
10680.355806432673
22823.363556134653
28755.206514716694
42850.74962961449
28221.945804259092
53599.90069292612
24540.778466737233
34659.259854920354
30082.975717294743
29999.95901026205
19942.809502141612
21693.4489189947
21321.77494913178
26079.657428701412
0.0
77474.53342820717
30140.265103882797
91605.21602164076
34759.933575489675
80287.16779720125
29738.545508974203
38861.5590680533
61576.22501934321
29670.750787378827
53396.139140123814
19546.25912492453
21773.784681400593
8596.843431678648
93559.23918323808
23837.07161404212
61557.74390556474
70405.8224571077
26593.08251602969
106950.20684997595
23487.764106590614
92940.45058831842
18170.780403071083
23286.332024959527
32201.021598682164
47862.02473519381
35190.01048893724
55494.838035541936
31739.556844742965
28505.22299247657
36920.33059882928
21546.026457937263
27728.96032650931
28180.942479249632
28189.39897613255
32926.82280697312
30140.265103882797
47725.813644259426
0.0
62927.32340429704
9396.346541540612
58363.701251125574
6424.788660544293
15054.310086119764
34964.70596061334
7245.652877263733
26032.28008870566
11976.682186269662
16463.912102802224
21587.931797649147
71360.69564439522
13337.579116357132
34399.78504049187
49156.78425744708
15355.01746376741
77792.79068786009
16151.79575419765
72050.8521780339
13804.751254919927
31634.17178604224
28464.104771687962
34102.849652604564
15806.358454832154
52277.100613496536
12794.473759703158
52032.24124472372
17571.761174202267
51580.60574874634
8434.083896621854
15189.115004798206
13461.29318123494
15221.914404898895
34759.933575489675
43220.41712304128
9396.346541540612
56845.713330117935
0.0
63686.68417760927
5174.625957571274
22587.91078394879
27242.05874013504
16562.548771912305
29786.33639459476
19688.09192136097
25364.81026755001
26807.367705749894
62483.36557726491
12194.59193407962
37661.646644076616
55044.48161593154
11788.83550983924
72223.49215893696
14262.2465760647
62967.077783449946
16621.881091571322
29387.408207836063
22858.19277500433
25191.971874388208
7364.258337827594
44607.32880593275
6104.624116822667
52106.619841305874
8755.637580883464
56204.162526158245
7080.808365908554
10671.692656904577
9231.883436367565
7851.30163789137
29738.545508974203
47923.45441802352
6424.788660544293
61906.986286025014
5174.625957571274
64127.71674967673
0.0
21331.05493590577
32416.422515784365
13456.366440812686
30976.470815176435
14738.826858637147
20824.38215091577
21677.488404988544
67365.04978167059
8447.868764902283
39190.29840794885
55099.82451656471
9481.731870355305
77211.84120665099
11036.731171750604
67700.54056143656
11717.570229668814
26711.01407424404
22274.104637828255
27976.915870125158
9721.69954596602
45852.65511276255
6416.620125378635
48499.54822543467
11612.886659596003
51239.59118572757
2759.98137276486
9021.237662166955
7283.4818544836235
8862.222556122622
23837.07161404212
55313.67540835027
13337.579116357132
68314.11913611942
12194.59193407962
71687.97053765247
8447.868764902283
28126.66136262914
37878.9801818046
18779.434581875135
39121.872122828056
14881.925191322749
22000.471120033824
16974.220775020516
70261.06152831472
0.0
47416.276272421535
62422.670579289865
3598.044440252319
83879.80442996099
2820.7721302481737
70003.21281498225
6439.712204257225
18409.014776542208
16151.893121918098
26679.62783397611
11370.718095676428
41247.70055847568
7941.972399275019
40121.581944611185
13162.976945814637
44832.0418203199
5690.110242398794
4820.224817272442
4379.811246516514
9150.246361808433
26593.08251602969
54098.34603892767
15355.01746376741
66421.39886328367
11788.83550983924
73565.13820762334
9481.731870355305
30393.006399237926
35705.37836529236
21486.68568704704
40431.96807083337
18414.178779476424
25508.584985373607
20223.70045416966
67124.0276641158
3598.044440252319
48603.12084768144
64462.711135872305
0.0
82095.97490634873
3174.9475095964017
66744.45181162856
9920.696267080091
17623.237568436074
13223.713874625642
23099.5948663825
8859.1826851482
37960.67751399431
6225.750002115897
40459.556917727605
10415.324977535896
47169.78220104748
6959.688535571883
1617.5476761355817
2557.6950456073982
6535.100004016384
23487.764106590614
57027.99031413933
16151.79575419765
69542.2593423632
14262.2465760647
74507.10512980902
11036.731171750604
30941.09425067554
38862.32033398226
21536.42995945778
41872.00977226801
16976.84904654666
24111.161187616373
17414.245788542008
70139.33595978461
2820.7721302481737
50146.259395725814
65243.05461420167
3174.9475095964017
85196.91271335838
0.0
69677.97118571402
7627.826213678503
15687.896275742907
13676.440767683871
25528.39606905045
12025.816893363439
38965.29036935235
9175.9974258829
37847.21800730667
13587.96841154341
43995.28874771983
8289.448198915765
4792.494990534166
5352.601550182752
9703.11806387963
35190.01048893724
45782.00456533707
15806.358454832154
57618.31414488992
7364.258337827594
70887.27510704816
9721.69954596602
29862.12034954242
26850.43473577373
23026.462606833196
36837.587381570316
23739.651272208554
30278.798636349184
28221.945804259092
59105.211503348044
11370.718095676428
44505.06455242052
62343.52074800302
8859.1826851482
73328.56835144994
12025.816893363439
59055.512670599644
17546.972729221845
24818.55534834267
16347.852982538203
18304.13000543983
0.0
37243.42810275593
3844.0243924279052
48429.86914353337
1981.989905565549
55991.17868532722
9405.325717893702
7248.567241820224
7001.269592499412
2324.263555518463
31739.556844742965
47883.95983325376
12794.473759703158
60452.280011376846
6104.624116822667
69498.19919870317
6416.620125378635
27444.939705078636
29939.693357954096
19872.339931523085
35766.259816392936
19930.481694323276
26550.570690935965
24540.778466737233
62895.19327913806
7941.972399275019
43718.06305738849
60699.177479127255
6225.750002115897
76068.25417253932
9175.9974258829
62885.81856598473
13863.166353757273
23521.88623512036
16839.37626515434
21677.290904354206
3844.0243924279052
39559.17950476001
0.0
46647.69132014327
5820.573357349455
52770.32332302917
5621.469950864491
4832.879016465868
3825.608352317979
2448.5722207449767
36920.33059882928
44950.6984644049
17571.761174202267
56338.039594799266
8755.637580883464
71835.05931597642
11612.886659596003
31343.493265376324
25465.050866320715
24811.65969102012
37696.60612934798
25720.693977952593
32242.87484913232
30082.975717294743
57194.474549040286
13162.976945814637
45204.47325838507
63420.71761836477
10415.324977535896
72092.66065867708
13587.96841154341
57106.0783653881
19422.028379835934
25523.896650901283
16263.10637988815
16548.822197990656
1981.989905565549
36002.936315634295
5820.573357349455
49282.568382163
0.0
57581.95441262764
11385.636465430274
8799.6409577716
8783.92573237454
4012.78127130251
27728.96032650931
50255.00734647642
8434.083896621854
63886.85502294515
7080.808365908554
66614.24221615464
2759.98137276486
23488.39088073568
33995.37647757939
14953.727506858419
33644.83808189007
14335.664786752624
20933.077689920097
19942.809502141612
68123.27255290943
5690.110242398794
41888.00881549031
57503.2925221285
6959.688535571883
79295.32763255246
8289.448198915765
68258.31237959627
9563.699841336656
23973.59578837479
20032.10864402903
27184.91567047983
9405.325717893702
44149.809680140206
5621.469950864491
45772.39866043578
11385.636465430274
49137.27458026634
0.0
6770.907954224626
5061.477163578907
7943.686784897422
18170.780403071083
59639.472819829425
13804.751254919927
73450.42403092101
16621.881091571322
70635.22829046688
11717.570229668814
26847.121394746355
43455.359054762186
16858.349391062693
39576.4610768087
9888.432151648189
16896.27225715305
10680.355806432673
76605.18513542693
6439.712204257225
47968.456326308835
61082.430297818755
9920.696267080091
88844.95628956493
7627.826213678503
76408.65683505655
0.0
19489.67108455606
20888.773276157175
32987.42416826721
17546.972729221845
46285.69520202742
13863.166353757273
38276.867712555744
19422.028379835934
39582.32766119137
9563.699841336656
11254.332452898581
10698.830493537218
15429.96554667468
23286.332024959527
70473.32372562645
31634.17178604224
81132.60256328389
29387.408207836063
89771.93815156317
26711.01407424404
45981.64495525636
50227.30735494751
36149.020275293304
57529.75121427962
28937.424602829356
35383.492923441685
22823.363556134653
75793.64388850819
18409.014776542208
65823.55694618724
80342.95336918782
17623.237568436074
96970.13690849053
15687.896275742907
74312.20520308317
19489.67108455606
0.0
12070.799629255614
28859.570198120287
24818.55534834267
32276.640006170062
23521.88623512036
23862.069252982932
25523.896650901283
38057.88601359087
23973.59578837479
18740.361150522665
20168.650198117477
22804.727281175212
32201.021598682164
60287.982668557925
28464.104771687962
69812.69888700986
22858.19277500433
86267.70539914895
22274.104637828255
43516.890760561095
39128.347955993195
34705.877746173544
52604.90271420616
30590.453805101293
37704.26267286689
28755.206514716694
63800.290797373615
16151.893121918098
60519.3485363276
77345.87395386101
13223.713874625642
85652.2275868104
13676.440767683871
62445.68969523814
20888.773276157175
12070.799629255614
0.0
16854.692580607672
16347.852982538203
25397.416906568218
16839.37626515434
35303.42991149622
16263.10637988815
49511.498795350104
20032.10864402903
13283.070490794797
15019.83422948294
15072.178146404574
47862.02473519381
49383.77867647906
34102.849652604564
55822.00820590155
25191.971874388208
86377.67281389332
27976.915870125158
47685.95825329161
26923.825189678475
41330.02250045447
52274.140758632115
41114.10939482238
48006.4798115122
42850.74962961449
46947.6434827341
26679.62783397611
59001.339426080995
78515.52169606379
23099.5948663825
71474.76860885075
25528.39606905045
45638.580518399525
32987.42416826721
28859.570198120287
16854.692580607672
0.0
18304.13000543983
21799.49466913393
21677.290904354206
51243.052348824625
16548.822197990656
66237.35855682068
27184.91567047983
21936.301105960298
23008.502275007166
19263.8135800652
28180.942479249632
52616.32040871529
15189.115004798206
64833.23853707081
10671.692656904577
73132.63564754765
9021.237662166955
30237.414530876114
34098.17642007639
21640.181114329822
39774.88112369217
19305.943528972246
26338.625790935293
21693.4489189947
65593.92517870759
4820.224817272442
47877.924144672565
64121.009489636854
1617.5476761355817
80518.13350478667
4792.494990534166
65258.98584707468
11254.332452898581
18740.361150522665
13283.070490794797
21936.301105960298
7248.567241820224
37542.82734272082
4832.879016465868
41820.9379219531
8799.6409577716
48787.10554780067
6770.907954224626
0.0
1739.7836301725263
4924.411884870352
28189.39897613255
51685.29696412694
13461.29318123494
64251.548898276604
9231.883436367565
71401.7036370999
7283.4818544836235
28505.1970736139
33665.48676966267
19980.667707998546
38086.98832503268
18109.996947509164
25063.8654042106
21321.77494913178
65917.34473868043
4379.811246516514
46213.22344615622
62382.67171808048
2557.6950456073982
79881.74374642555
5352.601550182752
65713.50599872548
10698.830493537218
20168.650198117477
15019.83422948294
23008.502275007166
7001.269592499412
39150.58115792482
3825.608352317979
42988.3960367419
8783.92573237454
49066.896162616635
5061.477163578907
1739.7836301725263
0.0
4771.187093509517
32926.82280697312
47953.82395678073
15221.914404898895
59929.02133409622
7851.30163789137
71517.27934120745
8862.222556122622
29773.01122062712
29174.031918749442
22318.58472017147
37635.478153566524
22142.96340110569
28861.049853831548
26079.657428701412
61175.564221293884
9150.246361808433
45471.52267569485
62809.90561550863
6535.100004016384
75630.22422275547
9703.11806387963
61029.24012103584
15429.96554667468
22804.727281175212
15072.178146404574
19263.8135800652
2324.263555518463
37204.60195638555
2448.5722207449767
46297.30284835316
4012.78127130251
53677.96271154991
7943.686784897422
4924.411884870352
4771.187093509517
0.0
61576.22501934321
22492.58197082384
34964.70596061334
30949.942623269137
27242.05874013504
68413.23586584497
32416.422515784365
41189.06839858549
0.0
40685.860399321
37513.27437642394
46590.15633593637
51352.26268775895
53936.61066532255
37914.36450310497
37878.9801818046
41291.0554016662
62560.23356736569
35705.37836529236
46765.945442972356
38862.32033398226
39701.08994035999
43455.359054762186
50227.30735494751
39128.347955993195
26923.825189678475
26850.43473577373
47472.517283565154
29939.693357954096
74074.18202166246
25465.050866320715
82710.00401026139
33995.37647757939
34098.17642007639
33665.48676966267
29174.031918749442
53396.139140123814
35991.41771133199
26032.28008870566
53877.408202787825
29786.33639459476
34197.64736654668
30976.470815176435
14859.416331534572
37513.27437642394
23809.581480852972
0.0
33909.01764164884
32910.416208673974
45016.54493700771
74450.7216301551
39121.872122828056
8392.075557115602
26337.708151623563
40431.96807083337
65745.47602688201
41872.00977226801
76830.53290468159
39576.4610768087
57529.75121427962
52604.90271420616
52274.140758632115
36837.587381570316
73391.8416743586
35766.259816392936
77819.84043097286
37696.60612934798
73580.68824352954
33644.83808189007
39774.88112369217
38086.98832503268
37635.478153566524
21773.784681400593
62195.42263112162
16463.912102802224
78351.23403609403
25364.81026755001
58560.03795574597
20824.38215091577
18051.055029166306
51352.26268775895
11283.953110635734
32910.416208673974
7136.849837114519
0.0
14663.935279333544
87762.69278875251
22000.471120033824
40692.672462185445
48691.133022539245
25508.584985373607
92715.08928663227
24111.161187616373
88329.363778212
16896.27225715305
35383.492923441685
37704.26267286689
48006.4798115122
30278.798636349184
63066.489079326086
26550.570690935965
49302.07949733596
32242.87484913232
40763.16887502274
20933.077689920097
26338.625790935293
25063.8654042106
28861.049853831548
93559.23918323808
45088.78126012835
71360.69564439522
34013.51489558864
62483.36557726491
101796.59438564589
67365.04978167059
79082.44329437467
37914.36450310497
77768.69516266414
74450.7216301551
82101.77287798485
87762.69278875251
87234.33592227664
0.0
70261.06152831472
76619.52680013549
97650.91990427964
67124.0276641158
42753.12643538589
70139.33595978461
5080.480514091968
76605.18513542693
75793.64388850819
63800.290797373615
46947.6434827341
59105.211503348044
55083.9880795157
62895.19327913806
97398.83042673202
57194.474549040286
112970.28879568072
68123.27255290943
65593.92517870759
65917.34473868043
61175.564221293884
77474.53342820717
0.0
47725.813644259426
17927.400025384533
43220.41712304128
57333.675769251655
47923.45441802352
46802.99998743346
22492.58197082384
50933.12379207416
35991.41771133199
59553.7559890493
62195.42263112162
69094.73052428821
45088.78126012835
55313.67540835027
34865.06211718085
54454.36041028721
54098.34603892767
30621.781358241326
57027.99031413933
48922.48916758815
59639.472819829425
70473.32372562645
60287.982668557925
49383.77867647906
45782.00456533707
69834.30761030706
47883.95983325376
94203.79029902277
44950.6984644049
99020.46292860243
50255.00734647642
52616.32040871529
51685.29696412694
47953.82395678073
91605.21602164076
17927.400025384533
62927.32340429704
0.0
56845.713330117935
73476.16824025696
61906.986286025014
64017.73479265459
30949.942623269137
67087.43579528376
53877.408202787825
74903.9671587495
78351.23403609403
83560.74269454664
34013.51489558864
68314.11913611942
52655.58556662909
71585.7251583583
66421.39886328367
15843.659375059082
69542.2593423632
38760.60047464275
73450.42403092101
81132.60256328389
69812.69888700986
55822.00820590155
57618.31414488992
73367.16445072056
60452.280011376846
104950.30433240182
56338.039594799266
113009.19706211814
63886.85502294515
64833.23853707081
64251.548898276604
59929.02133409622
80287.16779720125
57333.675769251655
58363.701251125574
73476.16824025696
63686.68417760927
0.0
64127.71674967673
43815.84807499639
68413.23586584497
53777.183846949396
34197.64736654668
62613.624239904435
58560.03795574597
73002.25706048275
101796.59438564589
71687.97053765247
27632.965762731004
9889.548005462733
73565.13820762334
79677.24265652699
74507.10512980902
105118.83879772919
70635.22829046688
89771.93815156317
86267.70539914895
86377.67281389332
70887.27510704816
107588.72971487058
69498.19919870317
107562.65216299673
71835.05931597642
97211.22772566
66614.24221615464
73132.63564754765
71401.7036370999
71517.27934120745
61557.74390556474
34865.06211718085
34399.78504049187
52655.58556662909
37661.646644076616
27632.965762731004
39190.29840794885
22756.222299738056
41291.0554016662
32089.929982458885
8392.075557115602
42143.27010804936
40692.672462185445
53247.97457394056
76619.52680013549
47416.276272421535
0.0
21299.576305667175
48603.12084768144
62951.5674839024
50146.259395725814
79455.5809507507
47968.456326308835
65823.55694618724
60519.3485363276
59001.339426080995
44505.06455242052
80457.78101728708
43718.06305738849
86209.72893719494
45204.47325838507
81453.4965721274
41888.00881549031
47877.924144672565
46213.22344615622
45471.52267569485
70405.8224571077
54454.36041028721
49156.78425744708
71585.7251583583
55044.48161593154
9889.548005462733
55099.82451656471
34368.83820566847
62560.23356736569
44237.307256935645
26337.708151623563
52866.43486897386
48691.133022539245
63167.32069462048
97650.91990427964
62422.670579289865
21299.576305667175
0.0
64462.711135872305
79618.67549016401
65243.05461420167
100623.00840974771
61082.430297818755
80342.95336918782
77345.87395386101
78515.52169606379
62343.52074800302
99371.78899393247
60699.177479127255
97761.18729575886
63420.71761836477
87391.79618973382
57503.2925221285
64121.009489636854
62382.67171808048
62809.90561550863
106950.20684997595
30621.781358241326
77792.79068786009
15843.659375059082
72223.49215893696
79677.24265652699
77211.84120665099
77372.42351992511
46765.945442972356
81434.58086527795
65745.47602688201
89735.33568117266
92715.08928663227
98780.09948920719
42753.12643538589
83879.80442996099
62951.5674839024
79618.67549016401
82095.97490634873
0.0
85196.91271335838
47829.65485114531
88844.95628956493
96970.13690849053
85652.2275868104
71474.76860885075
73328.56835144994
88283.67893014426
76068.25417253932
120792.48891120379
72092.66065867708
128427.10886534794
79295.32763255246
80518.13350478667
79881.74374642555
75630.22422275547
92940.45058831842
48922.48916758815
72050.8521780339
38760.60047464275
62967.077783449946
105118.83879772919
67700.54056143656
80602.40385996366
39701.08994035999
78670.93094161448
76830.53290468159
82420.09753851905
88329.363778212
86952.35290926132
5080.480514091968
70003.21281498225
79455.5809507507
100623.00840974771
66744.45181162856
47829.65485114531
69677.97118571402
0.0
76408.65683505655
74312.20520308317
62445.68969523814
45638.580518399525
59055.512670599644
51900.62704202771
62885.81856598473
95317.17208728635
57106.0783653881
111871.09287007108
68258.31237959627
65258.98584707468
65713.50599872548
61029.24012103584
55494.838035541936
69834.30761030706
52277.100613496536
73367.16445072056
44607.32880593275
107588.72971487058
45852.65511276255
66975.71278121715
47472.517283565154
59102.65511277641
73391.8416743586
55937.77512403335
63066.489079326086
53599.90069292612
55083.9880795157
41247.70055847568
80457.78101728708
99371.78899393247
37960.67751399431
88283.67893014426
38965.29036935235
51900.62704202771
46285.69520202742
32276.640006170062
25397.416906568218
21799.49466913393
37243.42810275593
0.0
39559.17950476001
46608.28560514383
36002.936315634295
68705.21750594705
44149.809680140206
37542.82734272082
39150.58115792482
37204.60195638555
28505.22299247657
94203.79029902277
52032.24124472372
104950.30433240182
52106.619841305874
107562.65216299673
48499.54822543467
64441.53720818002
74074.18202166246
54478.99318928239
77819.84043097286
45010.53669317189
49302.07949733596
34659.259854920354
97398.83042673202
40121.581944611185
86209.72893719494
97761.18729575886
40459.556917727605
120792.48891120379
37847.21800730667
95317.17208728635
38276.867712555744
23862.069252982932
35303.42991149622
51243.052348824625
48429.86914353337
46608.28560514383
46647.69132014327
0.0
49282.568382163
26602.61720087894
45772.39866043578
41820.9379219531
42988.3960367419
46297.30284835316
21546.026457937263
99020.46292860243
51580.60574874634
113009.19706211814
56204.162526158245
97211.22772566
51239.59118572757
58752.48437661613
82710.00401026139
50355.31084009979
73580.68824352954
40428.505126767646
40763.16887502274
29999.95901026205
112970.28879568072
44832.0418203199
81453.4965721274
87391.79618973382
47169.78220104748
128427.10886534794
43995.28874771983
111871.09287007108
39582.32766119137
38057.88601359087
49511.498795350104
66237.35855682068
55991.17868532722
68705.21750594705
52770.32332302917
26602.61720087894
57581.95441262764
0.0
49137.27458026634
48787.10554780067
49066.896162616635
53677.96271154991
