10000
397.0
20000
401.0
30000
405.0
40000
406.0
50000
406.0
60000
406.0
70000
408.0
80000
408.0
90000
411.0
100000
411.0
110000
411.0
120000
411.0
130000
411.0
140000
411.0
150000
416.0
160000
416.0
170000
416.0
180000
416.0
190000
416.0
200000
416.0
210000
416.0
220000
416.0
230000
419.0
240000
419.0
250000
419.0
260000
419.0
270000
419.0
280000
419.0
290000
419.0
300000
419.0
310000
419.0
320000
419.0
330000
419.0
340000
421.0
350000
421.0
360000
421.0
370000
421.0
380000
421.0
390000
421.0
400000
421.0
10000
395.0
20000
395.0
30000
396.0
40000
401.0
50000
402.0
60000
402.0
70000
404.0
80000
406.0
90000
406.0
100000
407.0
110000
414.0
120000
414.0
130000
414.0
140000
414.0
150000
414.0
160000
414.0
170000
414.0
180000
414.0
190000
414.0
200000
414.0
210000
414.0
220000
414.0
230000
414.0
240000
414.0
250000
414.0
260000
414.0
270000
414.0
280000
414.0
290000
414.0
300000
414.0
310000
414.0
320000
414.0
330000
414.0
340000
414.0
350000
414.0
360000
414.0
370000
414.0
380000
414.0
390000
414.0
400000
414.0
10000
390.0
20000
410.0
30000
410.0
40000
410.0
50000
410.0
60000
410.0
70000
410.0
80000
410.0
90000
410.0
100000
410.0
110000
410.0
120000
410.0
130000
410.0
140000
410.0
150000
410.0
160000
410.0
170000
413.0
180000
413.0
190000
413.0
200000
415.0
210000
415.0
220000
415.0
230000
415.0
240000
415.0
250000
415.0
260000
415.0
270000
415.0
280000
415.0
290000
420.0
300000
420.0
310000
420.0
320000
420.0
330000
420.0
340000
420.0
350000
420.0
360000
420.0
370000
420.0
380000
420.0
390000
420.0
400000
420.0
10000
396.0
20000
396.0
30000
403.0
40000
403.0
50000
403.0
60000
405.0
70000
407.0
80000
412.0
90000
412.0
100000
412.0
110000
412.0
120000
412.0
130000
412.0
140000
412.0
150000
412.0
160000
412.0
170000
419.0
180000
419.0
190000
419.0
200000
419.0
210000
419.0
220000
419.0
230000
419.0
240000
419.0
250000
419.0
260000
419.0
270000
419.0
280000
419.0
290000
419.0
300000
419.0
310000
419.0
320000
419.0
330000
419.0
340000
419.0
350000
419.0
360000
419.0
370000
420.0
380000
420.0
390000
420.0
400000
420.0
10000
392.0
20000
399.0
30000
402.0
40000
402.0
50000
402.0
60000
405.0
70000
405.0
80000
408.0
90000
409.0
100000
409.0
110000
409.0
120000
409.0
130000
413.0
140000
413.0
150000
413.0
160000
413.0
170000
413.0
180000
413.0
190000
413.0
200000
413.0
210000
413.0
220000
414.0
230000
414.0
240000
414.0
250000
414.0
260000
414.0
270000
414.0
280000
418.0
290000
418.0
300000
418.0
310000
418.0
320000
418.0
330000
418.0
340000
418.0
350000
418.0
360000
418.0
370000
418.0
380000
418.0
390000
418.0
400000
418.0
10000
392.0
20000
392.0
30000
401.0
40000
401.0
50000
401.0
60000
403.0
70000
410.0
80000
410.0
90000
410.0
100000
410.0
110000
410.0
120000
410.0
130000
410.0
140000
411.0
150000
411.0
160000
411.0
170000
411.0
180000
411.0
190000
411.0
200000
411.0
210000
411.0
220000
411.0
230000
411.0
240000
411.0
250000
411.0
260000
411.0
270000
411.0
280000
411.0
290000
411.0
300000
411.0
310000
411.0
320000
411.0
330000
411.0
340000
411.0
350000
411.0
360000
411.0
370000
411.0
380000
411.0
390000
411.0
400000
411.0
10000
394.0
20000
394.0
30000
394.0
40000
399.0
50000
399.0
60000
400.0
70000
408.0
80000
410.0
90000
412.0
100000
412.0
110000
412.0
120000
412.0
130000
412.0
140000
412.0
150000
412.0
160000
412.0
170000
412.0
180000
412.0
190000
421.0
200000
421.0
210000
421.0
220000
421.0
230000
421.0
240000
421.0
250000
421.0
260000
421.0
270000
421.0
280000
421.0
290000
421.0
300000
421.0
310000
421.0
320000
421.0
330000
421.0
340000
421.0
350000
421.0
360000
421.0
370000
421.0
380000
421.0
390000
421.0
400000
421.0
10000
390.0
20000
401.0
30000
404.0
40000
404.0
50000
404.0
60000
404.0
70000
404.0
80000
404.0
90000
405.0
100000
405.0
110000
405.0
120000
405.0
130000
405.0
140000
405.0
150000
405.0
160000
405.0
170000
408.0
180000
409.0
190000
412.0
200000
412.0
210000
412.0
220000
412.0
230000
412.0
240000
412.0
250000
412.0
260000
412.0
270000
412.0
280000
412.0
290000
412.0
300000
413.0
310000
413.0
320000
413.0
330000
413.0
340000
413.0
350000
413.0
360000
413.0
370000
413.0
380000
413.0
390000
413.0
400000
413.0
10000
388.0
20000
393.0
30000
399.0
40000
422.0
50000
422.0
60000
422.0
70000
422.0
80000
422.0
90000
422.0
100000
422.0
110000
422.0
120000
422.0
130000
422.0
140000
422.0
150000
422.0
160000
422.0
170000
422.0
180000
422.0
190000
422.0
200000
422.0
210000
422.0
220000
422.0
230000
422.0
240000
422.0
250000
422.0
260000
422.0
270000
422.0
280000
422.0
290000
422.0
300000
422.0
310000
422.0
320000
422.0
330000
422.0
340000
422.0
350000
422.0
360000
422.0
370000
422.0
380000
422.0
390000
422.0
400000
422.0
10000
392.0
20000
399.0
30000
399.0
40000
400.0
50000
400.0
60000
408.0
70000
408.0
80000
408.0
90000
408.0
100000
408.0
110000
413.0
120000
413.0
130000
415.0
140000
415.0
150000
415.0
160000
420.0
170000
420.0
180000
420.0
190000
420.0
200000
420.0
210000
420.0
220000
420.0
230000
420.0
240000
421.0
250000
421.0
260000
421.0
270000
421.0
280000
421.0
290000
421.0
300000
421.0
310000
421.0
320000
421.0
330000
421.0
340000
421.0
350000
421.0
360000
421.0
370000
421.0
380000
421.0
390000
421.0
400000
421.0
