C:\Users\Administrator\AppData\Local\Programs\Python\Python312\python.exe "C:\Users\Administrator\Desktop\EA_submodular\example\MC\tmd这才对 - 副本跑degree+1\varyHam_finallllllll.py"
595
[ 75  74  69  66  61  72  63  66  63  74  73  61  76  77  80  60  51  59
  72  69  66  57  73  63  65  60  62  78  54  74  63  73  64  62  69  66
  72  69  74  60  62  68  67  67  70  72  63  69  72  70  63 103 127 112
 109 110 122 118 116 112 123 108 114 113 113 116 122 106  78  84  84  91
  88  91  82  89  92 100  91  92  93  80 100  84  87 102  93  95  95  93
 103 100  89 117  94 104 108  94  98  99 112  93 117 104 120 118 113 117
 128 125 126 126 131 120 118 114 117 103 117 119 106 112  99 101  99 104
 120 107 103 111 110 117 102 103 106 102  87  76  89  99  79  87  85  89
  87  88  98  99  93  99  97 100  78 111  94  97  94  95  89  96  84  82
  99 101  91  88  84  95 101  86  96  94  95 110  98 107  94  94  99 105
  94  96  97  87 110  90  92 114 106 113  97 113 129 124 121 111 114 117
 116 117 104 126 131 113  72  73  75  83  82  85  67  78  61  77  74  82
  85  74  86  79  76 102 116  97 114 102  96 112 108  93 106 114  91 111
 114  99 107  96  65  73  67  65  68  70  67  68  67  73  71  76  62  75
  80  68  70 104  87  93  94  91 111  95  87 109 108 105 111  95  98 103
  94 111 112 105 112 103 112 120 116 109 111 111 130 106 110 108 117 118
 118 100  88  94 112  94 105 114  95 108 108 101 110  98  93 102 103 108
 120 120 116 133 108 118 121 103 124 102 105 121 117 129 115 111 114 108
  94  98  82 108 102 105  95  98  95 100  94 102  96 101 104  99  76  75
  87  73  64  76  82  69  67  70  76  65  70  67  66  57  73  90  97  87
  93  91  91  83  93  91  85  92  90  96  84  88  78  94 104 107 113 131
 109 103 102 112 122 109 114 104 101 114 115 119 118  96  98 104 114 104
 100 110 106 102  98 111 108 111 108 114  99 108  91  96  80  77  91  93
  79  99  86 101  88  96  95  86  85  91  89 118 107 108 112 107 105 105
 102 112 112 113 107  97 112 103  96  96 109 109 107  94 101  95 103  96
 106 109 103 111 105  91  97 104 114  97 102  91  99  96 104 101  95 111
 103 102  96 105 103 104  96 103  75  76  54  65  68  83  78  74  82  73
  74  87  82  77  63  70  75  67  63  63  58  68  72  58  67  58  57  59
  66  63  64  62  61  67 111 108 114 109 120 114 100  96 118  97 111 108
  98 100 112 123 103 133 133 127 120 124 118 121 129 121 116 122 121 130
 126 113 123 120  78  75  89  89  77  88  82  81  85  81  80  83  76  71
  94  67  84  96 109  96 111 102  98 107  99 104  88  98  94  87  90 102
 107  80  80  81  84  87  76  85  89  75  76  80  88  83  74  73  75  75
  69]
500
405.36638655462184 500 594.6336134453782
10000 390.0 popsize 201
20000 400.0 popsize 201
30000 401.0 popsize 201
40000 401.0 popsize 201
50000 401.0 popsize 201
60000 401.0 popsize 201
70000 401.0 popsize 201
80000 402.0 popsize 201
90000 402.0 popsize 201
100000 408.0 popsize 201
110000 408.0 popsize 201
120000 408.0 popsize 201
130000 408.0 popsize 201
140000 408.0 popsize 201
150000 408.0 popsize 201
160000 408.0 popsize 201
170000 408.0 popsize 201
180000 408.0 popsize 201
190000 408.0 popsize 201
200000 408.0 popsize 201
210000 408.0 popsize 201
220000 409.0 popsize 201
230000 409.0 popsize 201
240000 409.0 popsize 201
250000 409.0 popsize 201
260000 409.0 popsize 201
270000 411.0 popsize 201
280000 417.0 popsize 201
290000 419.0 popsize 201
300000 419.0 popsize 201
310000 419.0 popsize 201
320000 419.0 popsize 201
330000 419.0 popsize 201
340000 419.0 popsize 201
350000 419.0 popsize 201
360000 419.0 popsize 201
370000 419.0 popsize 201
380000 419.0 popsize 201
390000 419.0 popsize 201
400000 419.0 popsize 201
595
[ 75  74  69  66  61  72  63  66  63  74  73  61  76  77  80  60  51  59
  72  69  66  57  73  63  65  60  62  78  54  74  63  73  64  62  69  66
  72  69  74  60  62  68  67  67  70  72  63  69  72  70  63 103 127 112
 109 110 122 118 116 112 123 108 114 113 113 116 122 106  78  84  84  91
  88  91  82  89  92 100  91  92  93  80 100  84  87 102  93  95  95  93
 103 100  89 117  94 104 108  94  98  99 112  93 117 104 120 118 113 117
 128 125 126 126 131 120 118 114 117 103 117 119 106 112  99 101  99 104
 120 107 103 111 110 117 102 103 106 102  87  76  89  99  79  87  85  89
  87  88  98  99  93  99  97 100  78 111  94  97  94  95  89  96  84  82
  99 101  91  88  84  95 101  86  96  94  95 110  98 107  94  94  99 105
  94  96  97  87 110  90  92 114 106 113  97 113 129 124 121 111 114 117
 116 117 104 126 131 113  72  73  75  83  82  85  67  78  61  77  74  82
  85  74  86  79  76 102 116  97 114 102  96 112 108  93 106 114  91 111
 114  99 107  96  65  73  67  65  68  70  67  68  67  73  71  76  62  75
  80  68  70 104  87  93  94  91 111  95  87 109 108 105 111  95  98 103
  94 111 112 105 112 103 112 120 116 109 111 111 130 106 110 108 117 118
 118 100  88  94 112  94 105 114  95 108 108 101 110  98  93 102 103 108
 120 120 116 133 108 118 121 103 124 102 105 121 117 129 115 111 114 108
  94  98  82 108 102 105  95  98  95 100  94 102  96 101 104  99  76  75
  87  73  64  76  82  69  67  70  76  65  70  67  66  57  73  90  97  87
  93  91  91  83  93  91  85  92  90  96  84  88  78  94 104 107 113 131
 109 103 102 112 122 109 114 104 101 114 115 119 118  96  98 104 114 104
 100 110 106 102  98 111 108 111 108 114  99 108  91  96  80  77  91  93
  79  99  86 101  88  96  95  86  85  91  89 118 107 108 112 107 105 105
 102 112 112 113 107  97 112 103  96  96 109 109 107  94 101  95 103  96
 106 109 103 111 105  91  97 104 114  97 102  91  99  96 104 101  95 111
 103 102  96 105 103 104  96 103  75  76  54  65  68  83  78  74  82  73
  74  87  82  77  63  70  75  67  63  63  58  68  72  58  67  58  57  59
  66  63  64  62  61  67 111 108 114 109 120 114 100  96 118  97 111 108
  98 100 112 123 103 133 133 127 120 124 118 121 129 121 116 122 121 130
 126 113 123 120  78  75  89  89  77  88  82  81  85  81  80  83  76  71
  94  67  84  96 109  96 111 102  98 107  99 104  88  98  94  87  90 102
 107  80  80  81  84  87  76  85  89  75  76  80  88  83  74  73  75  75
  69]
500
405.36638655462184 500 594.6336134453782
10000 386.0 popsize 201
20000 398.0 popsize 201
30000 399.0 popsize 201
40000 399.0 popsize 201
50000 406.0 popsize 201
60000 408.0 popsize 201
70000 408.0 popsize 201
80000 414.0 popsize 201
90000 414.0 popsize 201
100000 414.0 popsize 201
110000 414.0 popsize 201
120000 414.0 popsize 201
130000 414.0 popsize 201
140000 414.0 popsize 201
150000 414.0 popsize 201
160000 414.0 popsize 201
170000 414.0 popsize 201
180000 414.0 popsize 201
190000 414.0 popsize 201
200000 414.0 popsize 201
210000 414.0 popsize 201
220000 414.0 popsize 201
230000 414.0 popsize 201
240000 414.0 popsize 201
250000 414.0 popsize 201
260000 414.0 popsize 201
270000 414.0 popsize 201
280000 414.0 popsize 201
290000 414.0 popsize 201
300000 414.0 popsize 201
310000 414.0 popsize 201
320000 414.0 popsize 201
330000 414.0 popsize 201
340000 414.0 popsize 201
350000 414.0 popsize 201
360000 414.0 popsize 201
370000 414.0 popsize 201
380000 414.0 popsize 201
390000 414.0 popsize 201
400000 414.0 popsize 201
595
[ 75  74  69  66  61  72  63  66  63  74  73  61  76  77  80  60  51  59
  72  69  66  57  73  63  65  60  62  78  54  74  63  73  64  62  69  66
  72  69  74  60  62  68  67  67  70  72  63  69  72  70  63 103 127 112
 109 110 122 118 116 112 123 108 114 113 113 116 122 106  78  84  84  91
  88  91  82  89  92 100  91  92  93  80 100  84  87 102  93  95  95  93
 103 100  89 117  94 104 108  94  98  99 112  93 117 104 120 118 113 117
 128 125 126 126 131 120 118 114 117 103 117 119 106 112  99 101  99 104
 120 107 103 111 110 117 102 103 106 102  87  76  89  99  79  87  85  89
  87  88  98  99  93  99  97 100  78 111  94  97  94  95  89  96  84  82
  99 101  91  88  84  95 101  86  96  94  95 110  98 107  94  94  99 105
  94  96  97  87 110  90  92 114 106 113  97 113 129 124 121 111 114 117
 116 117 104 126 131 113  72  73  75  83  82  85  67  78  61  77  74  82
  85  74  86  79  76 102 116  97 114 102  96 112 108  93 106 114  91 111
 114  99 107  96  65  73  67  65  68  70  67  68  67  73  71  76  62  75
  80  68  70 104  87  93  94  91 111  95  87 109 108 105 111  95  98 103
  94 111 112 105 112 103 112 120 116 109 111 111 130 106 110 108 117 118
 118 100  88  94 112  94 105 114  95 108 108 101 110  98  93 102 103 108
 120 120 116 133 108 118 121 103 124 102 105 121 117 129 115 111 114 108
  94  98  82 108 102 105  95  98  95 100  94 102  96 101 104  99  76  75
  87  73  64  76  82  69  67  70  76  65  70  67  66  57  73  90  97  87
  93  91  91  83  93  91  85  92  90  96  84  88  78  94 104 107 113 131
 109 103 102 112 122 109 114 104 101 114 115 119 118  96  98 104 114 104
 100 110 106 102  98 111 108 111 108 114  99 108  91  96  80  77  91  93
  79  99  86 101  88  96  95  86  85  91  89 118 107 108 112 107 105 105
 102 112 112 113 107  97 112 103  96  96 109 109 107  94 101  95 103  96
 106 109 103 111 105  91  97 104 114  97 102  91  99  96 104 101  95 111
 103 102  96 105 103 104  96 103  75  76  54  65  68  83  78  74  82  73
  74  87  82  77  63  70  75  67  63  63  58  68  72  58  67  58  57  59
  66  63  64  62  61  67 111 108 114 109 120 114 100  96 118  97 111 108
  98 100 112 123 103 133 133 127 120 124 118 121 129 121 116 122 121 130
 126 113 123 120  78  75  89  89  77  88  82  81  85  81  80  83  76  71
  94  67  84  96 109  96 111 102  98 107  99 104  88  98  94  87  90 102
 107  80  80  81  84  87  76  85  89  75  76  80  88  83  74  73  75  75
  69]
500
405.36638655462184 500 594.6336134453782
10000 388.0 popsize 201
20000 389.0 popsize 201
30000 396.0 popsize 201
40000 401.0 popsize 201
50000 401.0 popsize 201
60000 402.0 popsize 201
70000 402.0 popsize 201
80000 406.0 popsize 201
90000 408.0 popsize 201
100000 409.0 popsize 201
110000 409.0 popsize 201
120000 409.0 popsize 201
130000 410.0 popsize 201
140000 410.0 popsize 201
150000 410.0 popsize 201
160000 410.0 popsize 201
170000 410.0 popsize 201
180000 412.0 popsize 201
190000 412.0 popsize 201
200000 412.0 popsize 201
210000 412.0 popsize 201
220000 412.0 popsize 201
230000 412.0 popsize 201
240000 415.0 popsize 201
250000 415.0 popsize 201
260000 421.0 popsize 201
270000 422.0 popsize 201
280000 422.0 popsize 201
290000 422.0 popsize 201
300000 422.0 popsize 201
310000 422.0 popsize 201
320000 422.0 popsize 201
330000 422.0 popsize 201
340000 422.0 popsize 201
350000 422.0 popsize 201
360000 422.0 popsize 201
370000 422.0 popsize 201
380000 422.0 popsize 201
390000 422.0 popsize 201
400000 422.0 popsize 201
595
[ 75  74  69  66  61  72  63  66  63  74  73  61  76  77  80  60  51  59
  72  69  66  57  73  63  65  60  62  78  54  74  63  73  64  62  69  66
  72  69  74  60  62  68  67  67  70  72  63  69  72  70  63 103 127 112
 109 110 122 118 116 112 123 108 114 113 113 116 122 106  78  84  84  91
  88  91  82  89  92 100  91  92  93  80 100  84  87 102  93  95  95  93
 103 100  89 117  94 104 108  94  98  99 112  93 117 104 120 118 113 117
 128 125 126 126 131 120 118 114 117 103 117 119 106 112  99 101  99 104
 120 107 103 111 110 117 102 103 106 102  87  76  89  99  79  87  85  89
  87  88  98  99  93  99  97 100  78 111  94  97  94  95  89  96  84  82
  99 101  91  88  84  95 101  86  96  94  95 110  98 107  94  94  99 105
  94  96  97  87 110  90  92 114 106 113  97 113 129 124 121 111 114 117
 116 117 104 126 131 113  72  73  75  83  82  85  67  78  61  77  74  82
  85  74  86  79  76 102 116  97 114 102  96 112 108  93 106 114  91 111
 114  99 107  96  65  73  67  65  68  70  67  68  67  73  71  76  62  75
  80  68  70 104  87  93  94  91 111  95  87 109 108 105 111  95  98 103
  94 111 112 105 112 103 112 120 116 109 111 111 130 106 110 108 117 118
 118 100  88  94 112  94 105 114  95 108 108 101 110  98  93 102 103 108
 120 120 116 133 108 118 121 103 124 102 105 121 117 129 115 111 114 108
  94  98  82 108 102 105  95  98  95 100  94 102  96 101 104  99  76  75
  87  73  64  76  82  69  67  70  76  65  70  67  66  57  73  90  97  87
  93  91  91  83  93  91  85  92  90  96  84  88  78  94 104 107 113 131
 109 103 102 112 122 109 114 104 101 114 115 119 118  96  98 104 114 104
 100 110 106 102  98 111 108 111 108 114  99 108  91  96  80  77  91  93
  79  99  86 101  88  96  95  86  85  91  89 118 107 108 112 107 105 105
 102 112 112 113 107  97 112 103  96  96 109 109 107  94 101  95 103  96
 106 109 103 111 105  91  97 104 114  97 102  91  99  96 104 101  95 111
 103 102  96 105 103 104  96 103  75  76  54  65  68  83  78  74  82  73
  74  87  82  77  63  70  75  67  63  63  58  68  72  58  67  58  57  59
  66  63  64  62  61  67 111 108 114 109 120 114 100  96 118  97 111 108
  98 100 112 123 103 133 133 127 120 124 118 121 129 121 116 122 121 130
 126 113 123 120  78  75  89  89  77  88  82  81  85  81  80  83  76  71
  94  67  84  96 109  96 111 102  98 107  99 104  88  98  94  87  90 102
 107  80  80  81  84  87  76  85  89  75  76  80  88  83  74  73  75  75
  69]
500
405.36638655462184 500 594.6336134453782
10000 392.0 popsize 201
20000 396.0 popsize 201
30000 396.0 popsize 201
40000 400.0 popsize 201
50000 403.0 popsize 201
60000 403.0 popsize 201
70000 407.0 popsize 201
80000 407.0 popsize 201
90000 407.0 popsize 201
100000 407.0 popsize 201
110000 407.0 popsize 201
120000 407.0 popsize 201
130000 408.0 popsize 201
140000 409.0 popsize 201
150000 412.0 popsize 201
160000 412.0 popsize 201
170000 412.0 popsize 201
180000 412.0 popsize 201
190000 412.0 popsize 201
200000 412.0 popsize 201
210000 412.0 popsize 201
220000 412.0 popsize 201
230000 412.0 popsize 201
240000 412.0 popsize 201
250000 412.0 popsize 201
260000 412.0 popsize 201
270000 412.0 popsize 201
280000 413.0 popsize 201
290000 413.0 popsize 201
300000 413.0 popsize 201
310000 413.0 popsize 201
320000 413.0 popsize 201
330000 413.0 popsize 201
340000 413.0 popsize 201
350000 413.0 popsize 201
360000 413.0 popsize 201
370000 413.0 popsize 201
380000 413.0 popsize 201
390000 413.0 popsize 201
400000 413.0 popsize 201
595
[ 75  74  69  66  61  72  63  66  63  74  73  61  76  77  80  60  51  59
  72  69  66  57  73  63  65  60  62  78  54  74  63  73  64  62  69  66
  72  69  74  60  62  68  67  67  70  72  63  69  72  70  63 103 127 112
 109 110 122 118 116 112 123 108 114 113 113 116 122 106  78  84  84  91
  88  91  82  89  92 100  91  92  93  80 100  84  87 102  93  95  95  93
 103 100  89 117  94 104 108  94  98  99 112  93 117 104 120 118 113 117
 128 125 126 126 131 120 118 114 117 103 117 119 106 112  99 101  99 104
 120 107 103 111 110 117 102 103 106 102  87  76  89  99  79  87  85  89
  87  88  98  99  93  99  97 100  78 111  94  97  94  95  89  96  84  82
  99 101  91  88  84  95 101  86  96  94  95 110  98 107  94  94  99 105
  94  96  97  87 110  90  92 114 106 113  97 113 129 124 121 111 114 117
 116 117 104 126 131 113  72  73  75  83  82  85  67  78  61  77  74  82
  85  74  86  79  76 102 116  97 114 102  96 112 108  93 106 114  91 111
 114  99 107  96  65  73  67  65  68  70  67  68  67  73  71  76  62  75
  80  68  70 104  87  93  94  91 111  95  87 109 108 105 111  95  98 103
  94 111 112 105 112 103 112 120 116 109 111 111 130 106 110 108 117 118
 118 100  88  94 112  94 105 114  95 108 108 101 110  98  93 102 103 108
 120 120 116 133 108 118 121 103 124 102 105 121 117 129 115 111 114 108
  94  98  82 108 102 105  95  98  95 100  94 102  96 101 104  99  76  75
  87  73  64  76  82  69  67  70  76  65  70  67  66  57  73  90  97  87
  93  91  91  83  93  91  85  92  90  96  84  88  78  94 104 107 113 131
 109 103 102 112 122 109 114 104 101 114 115 119 118  96  98 104 114 104
 100 110 106 102  98 111 108 111 108 114  99 108  91  96  80  77  91  93
  79  99  86 101  88  96  95  86  85  91  89 118 107 108 112 107 105 105
 102 112 112 113 107  97 112 103  96  96 109 109 107  94 101  95 103  96
 106 109 103 111 105  91  97 104 114  97 102  91  99  96 104 101  95 111
 103 102  96 105 103 104  96 103  75  76  54  65  68  83  78  74  82  73
  74  87  82  77  63  70  75  67  63  63  58  68  72  58  67  58  57  59
  66  63  64  62  61  67 111 108 114 109 120 114 100  96 118  97 111 108
  98 100 112 123 103 133 133 127 120 124 118 121 129 121 116 122 121 130
 126 113 123 120  78  75  89  89  77  88  82  81  85  81  80  83  76  71
  94  67  84  96 109  96 111 102  98 107  99 104  88  98  94  87  90 102
 107  80  80  81  84  87  76  85  89  75  76  80  88  83  74  73  75  75
  69]
500
405.36638655462184 500 594.6336134453782
10000 395.0 popsize 201
20000 406.0 popsize 201
30000 406.0 popsize 201
40000 406.0 popsize 201
50000 406.0 popsize 201
60000 406.0 popsize 201
70000 406.0 popsize 201
80000 406.0 popsize 201
90000 406.0 popsize 201
100000 407.0 popsize 201
110000 407.0 popsize 201
120000 407.0 popsize 201
130000 407.0 popsize 201
140000 407.0 popsize 201
150000 407.0 popsize 201
160000 407.0 popsize 201
170000 407.0 popsize 201
180000 407.0 popsize 201
190000 407.0 popsize 201
200000 408.0 popsize 201
210000 408.0 popsize 201
220000 408.0 popsize 201
230000 408.0 popsize 201
240000 408.0 popsize 201
250000 408.0 popsize 201
260000 408.0 popsize 201
270000 408.0 popsize 201
280000 408.0 popsize 201
290000 409.0 popsize 201
300000 409.0 popsize 201
310000 409.0 popsize 201
320000 409.0 popsize 201
330000 409.0 popsize 201
340000 409.0 popsize 201
350000 409.0 popsize 201
360000 409.0 popsize 201
370000 409.0 popsize 201
380000 409.0 popsize 201
390000 409.0 popsize 201
400000 409.0 popsize 201
595
[ 75  74  69  66  61  72  63  66  63  74  73  61  76  77  80  60  51  59
  72  69  66  57  73  63  65  60  62  78  54  74  63  73  64  62  69  66
  72  69  74  60  62  68  67  67  70  72  63  69  72  70  63 103 127 112
 109 110 122 118 116 112 123 108 114 113 113 116 122 106  78  84  84  91
  88  91  82  89  92 100  91  92  93  80 100  84  87 102  93  95  95  93
 103 100  89 117  94 104 108  94  98  99 112  93 117 104 120 118 113 117
 128 125 126 126 131 120 118 114 117 103 117 119 106 112  99 101  99 104
 120 107 103 111 110 117 102 103 106 102  87  76  89  99  79  87  85  89
  87  88  98  99  93  99  97 100  78 111  94  97  94  95  89  96  84  82
  99 101  91  88  84  95 101  86  96  94  95 110  98 107  94  94  99 105
  94  96  97  87 110  90  92 114 106 113  97 113 129 124 121 111 114 117
 116 117 104 126 131 113  72  73  75  83  82  85  67  78  61  77  74  82
  85  74  86  79  76 102 116  97 114 102  96 112 108  93 106 114  91 111
 114  99 107  96  65  73  67  65  68  70  67  68  67  73  71  76  62  75
  80  68  70 104  87  93  94  91 111  95  87 109 108 105 111  95  98 103
  94 111 112 105 112 103 112 120 116 109 111 111 130 106 110 108 117 118
 118 100  88  94 112  94 105 114  95 108 108 101 110  98  93 102 103 108
 120 120 116 133 108 118 121 103 124 102 105 121 117 129 115 111 114 108
  94  98  82 108 102 105  95  98  95 100  94 102  96 101 104  99  76  75
  87  73  64  76  82  69  67  70  76  65  70  67  66  57  73  90  97  87
  93  91  91  83  93  91  85  92  90  96  84  88  78  94 104 107 113 131
 109 103 102 112 122 109 114 104 101 114 115 119 118  96  98 104 114 104
 100 110 106 102  98 111 108 111 108 114  99 108  91  96  80  77  91  93
  79  99  86 101  88  96  95  86  85  91  89 118 107 108 112 107 105 105
 102 112 112 113 107  97 112 103  96  96 109 109 107  94 101  95 103  96
 106 109 103 111 105  91  97 104 114  97 102  91  99  96 104 101  95 111
 103 102  96 105 103 104  96 103  75  76  54  65  68  83  78  74  82  73
  74  87  82  77  63  70  75  67  63  63  58  68  72  58  67  58  57  59
  66  63  64  62  61  67 111 108 114 109 120 114 100  96 118  97 111 108
  98 100 112 123 103 133 133 127 120 124 118 121 129 121 116 122 121 130
 126 113 123 120  78  75  89  89  77  88  82  81  85  81  80  83  76  71
  94  67  84  96 109  96 111 102  98 107  99 104  88  98  94  87  90 102
 107  80  80  81  84  87  76  85  89  75  76  80  88  83  74  73  75  75
  69]
500
405.36638655462184 500 594.6336134453782
10000 389.0 popsize 201
20000 395.0 popsize 201
30000 396.0 popsize 201
40000 399.0 popsize 201
50000 400.0 popsize 201
60000 401.0 popsize 201
70000 407.0 popsize 201
80000 407.0 popsize 201
90000 407.0 popsize 201
100000 407.0 popsize 201
110000 412.0 popsize 201
120000 412.0 popsize 201
130000 412.0 popsize 201
140000 413.0 popsize 201
150000 413.0 popsize 201
160000 413.0 popsize 201
170000 413.0 popsize 201
180000 413.0 popsize 201
190000 413.0 popsize 201
200000 413.0 popsize 201
210000 413.0 popsize 201
220000 413.0 popsize 201
230000 413.0 popsize 201
240000 413.0 popsize 201
250000 413.0 popsize 201
260000 413.0 popsize 201
270000 413.0 popsize 201
280000 413.0 popsize 201
290000 413.0 popsize 201
300000 413.0 popsize 201
310000 416.0 popsize 201
320000 419.0 popsize 201
330000 419.0 popsize 201
340000 421.0 popsize 201
350000 421.0 popsize 201
360000 421.0 popsize 201
370000 421.0 popsize 201
380000 421.0 popsize 201
390000 421.0 popsize 201
400000 421.0 popsize 201
595
[ 75  74  69  66  61  72  63  66  63  74  73  61  76  77  80  60  51  59
  72  69  66  57  73  63  65  60  62  78  54  74  63  73  64  62  69  66
  72  69  74  60  62  68  67  67  70  72  63  69  72  70  63 103 127 112
 109 110 122 118 116 112 123 108 114 113 113 116 122 106  78  84  84  91
  88  91  82  89  92 100  91  92  93  80 100  84  87 102  93  95  95  93
 103 100  89 117  94 104 108  94  98  99 112  93 117 104 120 118 113 117
 128 125 126 126 131 120 118 114 117 103 117 119 106 112  99 101  99 104
 120 107 103 111 110 117 102 103 106 102  87  76  89  99  79  87  85  89
  87  88  98  99  93  99  97 100  78 111  94  97  94  95  89  96  84  82
  99 101  91  88  84  95 101  86  96  94  95 110  98 107  94  94  99 105
  94  96  97  87 110  90  92 114 106 113  97 113 129 124 121 111 114 117
 116 117 104 126 131 113  72  73  75  83  82  85  67  78  61  77  74  82
  85  74  86  79  76 102 116  97 114 102  96 112 108  93 106 114  91 111
 114  99 107  96  65  73  67  65  68  70  67  68  67  73  71  76  62  75
  80  68  70 104  87  93  94  91 111  95  87 109 108 105 111  95  98 103
  94 111 112 105 112 103 112 120 116 109 111 111 130 106 110 108 117 118
 118 100  88  94 112  94 105 114  95 108 108 101 110  98  93 102 103 108
 120 120 116 133 108 118 121 103 124 102 105 121 117 129 115 111 114 108
  94  98  82 108 102 105  95  98  95 100  94 102  96 101 104  99  76  75
  87  73  64  76  82  69  67  70  76  65  70  67  66  57  73  90  97  87
  93  91  91  83  93  91  85  92  90  96  84  88  78  94 104 107 113 131
 109 103 102 112 122 109 114 104 101 114 115 119 118  96  98 104 114 104
 100 110 106 102  98 111 108 111 108 114  99 108  91  96  80  77  91  93
  79  99  86 101  88  96  95  86  85  91  89 118 107 108 112 107 105 105
 102 112 112 113 107  97 112 103  96  96 109 109 107  94 101  95 103  96
 106 109 103 111 105  91  97 104 114  97 102  91  99  96 104 101  95 111
 103 102  96 105 103 104  96 103  75  76  54  65  68  83  78  74  82  73
  74  87  82  77  63  70  75  67  63  63  58  68  72  58  67  58  57  59
  66  63  64  62  61  67 111 108 114 109 120 114 100  96 118  97 111 108
  98 100 112 123 103 133 133 127 120 124 118 121 129 121 116 122 121 130
 126 113 123 120  78  75  89  89  77  88  82  81  85  81  80  83  76  71
  94  67  84  96 109  96 111 102  98 107  99 104  88  98  94  87  90 102
 107  80  80  81  84  87  76  85  89  75  76  80  88  83  74  73  75  75
  69]
500
405.36638655462184 500 594.6336134453782
10000 395.0 popsize 201
20000 395.0 popsize 201
30000 397.0 popsize 201
40000 401.0 popsize 201
50000 401.0 popsize 201
60000 403.0 popsize 201
70000 404.0 popsize 201
80000 409.0 popsize 201
90000 409.0 popsize 201
100000 409.0 popsize 201
110000 409.0 popsize 201
120000 409.0 popsize 201
130000 409.0 popsize 201
140000 409.0 popsize 201
150000 410.0 popsize 201
160000 410.0 popsize 201
170000 413.0 popsize 201
180000 413.0 popsize 201
190000 413.0 popsize 201
200000 413.0 popsize 201
210000 413.0 popsize 201
220000 414.0 popsize 201
230000 414.0 popsize 201
240000 414.0 popsize 201
250000 414.0 popsize 201
260000 414.0 popsize 201
270000 414.0 popsize 201
280000 414.0 popsize 201
290000 415.0 popsize 201
300000 415.0 popsize 201
310000 415.0 popsize 201
320000 415.0 popsize 201
330000 415.0 popsize 201
340000 415.0 popsize 201
350000 415.0 popsize 201
360000 415.0 popsize 201
370000 415.0 popsize 201
380000 415.0 popsize 201
390000 415.0 popsize 201
400000 415.0 popsize 201
595
[ 75  74  69  66  61  72  63  66  63  74  73  61  76  77  80  60  51  59
  72  69  66  57  73  63  65  60  62  78  54  74  63  73  64  62  69  66
  72  69  74  60  62  68  67  67  70  72  63  69  72  70  63 103 127 112
 109 110 122 118 116 112 123 108 114 113 113 116 122 106  78  84  84  91
  88  91  82  89  92 100  91  92  93  80 100  84  87 102  93  95  95  93
 103 100  89 117  94 104 108  94  98  99 112  93 117 104 120 118 113 117
 128 125 126 126 131 120 118 114 117 103 117 119 106 112  99 101  99 104
 120 107 103 111 110 117 102 103 106 102  87  76  89  99  79  87  85  89
  87  88  98  99  93  99  97 100  78 111  94  97  94  95  89  96  84  82
  99 101  91  88  84  95 101  86  96  94  95 110  98 107  94  94  99 105
  94  96  97  87 110  90  92 114 106 113  97 113 129 124 121 111 114 117
 116 117 104 126 131 113  72  73  75  83  82  85  67  78  61  77  74  82
  85  74  86  79  76 102 116  97 114 102  96 112 108  93 106 114  91 111
 114  99 107  96  65  73  67  65  68  70  67  68  67  73  71  76  62  75
  80  68  70 104  87  93  94  91 111  95  87 109 108 105 111  95  98 103
  94 111 112 105 112 103 112 120 116 109 111 111 130 106 110 108 117 118
 118 100  88  94 112  94 105 114  95 108 108 101 110  98  93 102 103 108
 120 120 116 133 108 118 121 103 124 102 105 121 117 129 115 111 114 108
  94  98  82 108 102 105  95  98  95 100  94 102  96 101 104  99  76  75
  87  73  64  76  82  69  67  70  76  65  70  67  66  57  73  90  97  87
  93  91  91  83  93  91  85  92  90  96  84  88  78  94 104 107 113 131
 109 103 102 112 122 109 114 104 101 114 115 119 118  96  98 104 114 104
 100 110 106 102  98 111 108 111 108 114  99 108  91  96  80  77  91  93
  79  99  86 101  88  96  95  86  85  91  89 118 107 108 112 107 105 105
 102 112 112 113 107  97 112 103  96  96 109 109 107  94 101  95 103  96
 106 109 103 111 105  91  97 104 114  97 102  91  99  96 104 101  95 111
 103 102  96 105 103 104  96 103  75  76  54  65  68  83  78  74  82  73
  74  87  82  77  63  70  75  67  63  63  58  68  72  58  67  58  57  59
  66  63  64  62  61  67 111 108 114 109 120 114 100  96 118  97 111 108
  98 100 112 123 103 133 133 127 120 124 118 121 129 121 116 122 121 130
 126 113 123 120  78  75  89  89  77  88  82  81  85  81  80  83  76  71
  94  67  84  96 109  96 111 102  98 107  99 104  88  98  94  87  90 102
 107  80  80  81  84  87  76  85  89  75  76  80  88  83  74  73  75  75
  69]
500
405.36638655462184 500 594.6336134453782
10000 394.0 popsize 201
20000 399.0 popsize 201
30000 405.0 popsize 201
40000 405.0 popsize 201
50000 412.0 popsize 201
60000 412.0 popsize 201
70000 412.0 popsize 201
80000 412.0 popsize 201
90000 412.0 popsize 201
100000 412.0 popsize 201
110000 412.0 popsize 201
120000 412.0 popsize 201
130000 412.0 popsize 201
140000 412.0 popsize 201
150000 412.0 popsize 201
160000 412.0 popsize 201
170000 412.0 popsize 201
180000 412.0 popsize 201
190000 412.0 popsize 201
200000 412.0 popsize 201
210000 412.0 popsize 201
220000 412.0 popsize 201
230000 412.0 popsize 201
240000 412.0 popsize 201
250000 412.0 popsize 201
260000 412.0 popsize 201
270000 412.0 popsize 201
280000 412.0 popsize 201
290000 412.0 popsize 201
300000 412.0 popsize 201
310000 412.0 popsize 201
320000 412.0 popsize 201
330000 412.0 popsize 201
340000 412.0 popsize 201
350000 412.0 popsize 201
360000 412.0 popsize 201
370000 412.0 popsize 201
380000 412.0 popsize 201
390000 412.0 popsize 201
400000 412.0 popsize 201
595
[ 75  74  69  66  61  72  63  66  63  74  73  61  76  77  80  60  51  59
  72  69  66  57  73  63  65  60  62  78  54  74  63  73  64  62  69  66
  72  69  74  60  62  68  67  67  70  72  63  69  72  70  63 103 127 112
 109 110 122 118 116 112 123 108 114 113 113 116 122 106  78  84  84  91
  88  91  82  89  92 100  91  92  93  80 100  84  87 102  93  95  95  93
 103 100  89 117  94 104 108  94  98  99 112  93 117 104 120 118 113 117
 128 125 126 126 131 120 118 114 117 103 117 119 106 112  99 101  99 104
 120 107 103 111 110 117 102 103 106 102  87  76  89  99  79  87  85  89
  87  88  98  99  93  99  97 100  78 111  94  97  94  95  89  96  84  82
  99 101  91  88  84  95 101  86  96  94  95 110  98 107  94  94  99 105
  94  96  97  87 110  90  92 114 106 113  97 113 129 124 121 111 114 117
 116 117 104 126 131 113  72  73  75  83  82  85  67  78  61  77  74  82
  85  74  86  79  76 102 116  97 114 102  96 112 108  93 106 114  91 111
 114  99 107  96  65  73  67  65  68  70  67  68  67  73  71  76  62  75
  80  68  70 104  87  93  94  91 111  95  87 109 108 105 111  95  98 103
  94 111 112 105 112 103 112 120 116 109 111 111 130 106 110 108 117 118
 118 100  88  94 112  94 105 114  95 108 108 101 110  98  93 102 103 108
 120 120 116 133 108 118 121 103 124 102 105 121 117 129 115 111 114 108
  94  98  82 108 102 105  95  98  95 100  94 102  96 101 104  99  76  75
  87  73  64  76  82  69  67  70  76  65  70  67  66  57  73  90  97  87
  93  91  91  83  93  91  85  92  90  96  84  88  78  94 104 107 113 131
 109 103 102 112 122 109 114 104 101 114 115 119 118  96  98 104 114 104
 100 110 106 102  98 111 108 111 108 114  99 108  91  96  80  77  91  93
  79  99  86 101  88  96  95  86  85  91  89 118 107 108 112 107 105 105
 102 112 112 113 107  97 112 103  96  96 109 109 107  94 101  95 103  96
 106 109 103 111 105  91  97 104 114  97 102  91  99  96 104 101  95 111
 103 102  96 105 103 104  96 103  75  76  54  65  68  83  78  74  82  73
  74  87  82  77  63  70  75  67  63  63  58  68  72  58  67  58  57  59
  66  63  64  62  61  67 111 108 114 109 120 114 100  96 118  97 111 108
  98 100 112 123 103 133 133 127 120 124 118 121 129 121 116 122 121 130
 126 113 123 120  78  75  89  89  77  88  82  81  85  81  80  83  76  71
  94  67  84  96 109  96 111 102  98 107  99 104  88  98  94  87  90 102
 107  80  80  81  84  87  76  85  89  75  76  80  88  83  74  73  75  75
  69]
500
405.36638655462184 500 594.6336134453782
10000 396.0 popsize 201
20000 396.0 popsize 201
30000 402.0 popsize 201
40000 404.0 popsize 201
50000 404.0 popsize 201
60000 404.0 popsize 201
70000 408.0 popsize 201
80000 408.0 popsize 201
90000 411.0 popsize 201
100000 411.0 popsize 201
110000 411.0 popsize 201
120000 411.0 popsize 201
130000 411.0 popsize 201
140000 412.0 popsize 201
150000 412.0 popsize 201
160000 413.0 popsize 201
170000 414.0 popsize 201
180000 414.0 popsize 201
190000 414.0 popsize 201
200000 414.0 popsize 201
210000 414.0 popsize 201
220000 414.0 popsize 201
230000 416.0 popsize 201
240000 416.0 popsize 201
250000 416.0 popsize 201
260000 420.0 popsize 201
270000 420.0 popsize 201
280000 420.0 popsize 201
290000 420.0 popsize 201
300000 420.0 popsize 201
310000 420.0 popsize 201
320000 420.0 popsize 201
330000 420.0 popsize 201
340000 420.0 popsize 201
350000 420.0 popsize 201
360000 420.0 popsize 201
370000 420.0 popsize 201
380000 420.0 popsize 201
390000 420.0 popsize 201
400000 420.0 popsize 201
595
[ 75  74  69  66  61  72  63  66  63  74  73  61  76  77  80  60  51  59
  72  69  66  57  73  63  65  60  62  78  54  74  63  73  64  62  69  66
  72  69  74  60  62  68  67  67  70  72  63  69  72  70  63 103 127 112
 109 110 122 118 116 112 123 108 114 113 113 116 122 106  78  84  84  91
  88  91  82  89  92 100  91  92  93  80 100  84  87 102  93  95  95  93
 103 100  89 117  94 104 108  94  98  99 112  93 117 104 120 118 113 117
 128 125 126 126 131 120 118 114 117 103 117 119 106 112  99 101  99 104
 120 107 103 111 110 117 102 103 106 102  87  76  89  99  79  87  85  89
  87  88  98  99  93  99  97 100  78 111  94  97  94  95  89  96  84  82
  99 101  91  88  84  95 101  86  96  94  95 110  98 107  94  94  99 105
  94  96  97  87 110  90  92 114 106 113  97 113 129 124 121 111 114 117
 116 117 104 126 131 113  72  73  75  83  82  85  67  78  61  77  74  82
  85  74  86  79  76 102 116  97 114 102  96 112 108  93 106 114  91 111
 114  99 107  96  65  73  67  65  68  70  67  68  67  73  71  76  62  75
  80  68  70 104  87  93  94  91 111  95  87 109 108 105 111  95  98 103
  94 111 112 105 112 103 112 120 116 109 111 111 130 106 110 108 117 118
 118 100  88  94 112  94 105 114  95 108 108 101 110  98  93 102 103 108
 120 120 116 133 108 118 121 103 124 102 105 121 117 129 115 111 114 108
  94  98  82 108 102 105  95  98  95 100  94 102  96 101 104  99  76  75
  87  73  64  76  82  69  67  70  76  65  70  67  66  57  73  90  97  87
  93  91  91  83  93  91  85  92  90  96  84  88  78  94 104 107 113 131
 109 103 102 112 122 109 114 104 101 114 115 119 118  96  98 104 114 104
 100 110 106 102  98 111 108 111 108 114  99 108  91  96  80  77  91  93
  79  99  86 101  88  96  95  86  85  91  89 118 107 108 112 107 105 105
 102 112 112 113 107  97 112 103  96  96 109 109 107  94 101  95 103  96
 106 109 103 111 105  91  97 104 114  97 102  91  99  96 104 101  95 111
 103 102  96 105 103 104  96 103  75  76  54  65  68  83  78  74  82  73
  74  87  82  77  63  70  75  67  63  63  58  68  72  58  67  58  57  59
  66  63  64  62  61  67 111 108 114 109 120 114 100  96 118  97 111 108
  98 100 112 123 103 133 133 127 120 124 118 121 129 121 116 122 121 130
 126 113 123 120  78  75  89  89  77  88  82  81  85  81  80  83  76  71
  94  67  84  96 109  96 111 102  98 107  99 104  88  98  94  87  90 102
 107  80  80  81  84  87  76  85  89  75  76  80  88  83  74  73  75  75
  69]
500
405.36638655462184 500 594.6336134453782
10000 386.0 popsize 201
20000 395.0 popsize 201
30000 398.0 popsize 201
40000 398.0 popsize 201
50000 402.0 popsize 201
60000 406.0 popsize 201
70000 406.0 popsize 201
80000 406.0 popsize 201
90000 406.0 popsize 201
100000 406.0 popsize 201
110000 406.0 popsize 201
120000 406.0 popsize 201
130000 408.0 popsize 201
140000 408.0 popsize 201
150000 408.0 popsize 201
160000 408.0 popsize 201
170000 408.0 popsize 201
180000 408.0 popsize 201
190000 408.0 popsize 201
200000 408.0 popsize 201
210000 408.0 popsize 201
220000 408.0 popsize 201
230000 413.0 popsize 201
240000 413.0 popsize 201
250000 416.0 popsize 201
260000 416.0 popsize 201
270000 417.0 popsize 201
280000 418.0 popsize 201
290000 418.0 popsize 201
300000 418.0 popsize 201
310000 418.0 popsize 201
320000 418.0 popsize 201
330000 418.0 popsize 201
340000 418.0 popsize 201
350000 418.0 popsize 201
360000 418.0 popsize 201
370000 418.0 popsize 201
380000 418.0 popsize 201
390000 418.0 popsize 201
400000 418.0 popsize 201

Process finished with exit code 0
