C:\Users\Administrator\AppData\Local\Programs\Python\Python312\python.exe "C:\Users\Administrator\Desktop\EA_submodular\example\MC\tmd这才对 - 副本跑degree+1\消融-无ham-outdegree.py"
595
[ 75  74  69  66  61  72  63  66  63  74  73  61  76  77  80  60  51  59
  72  69  66  57  73  63  65  60  62  78  54  74  63  73  64  62  69  66
  72  69  74  60  62  68  67  67  70  72  63  69  72  70  63 103 127 112
 109 110 122 118 116 112 123 108 114 113 113 116 122 106  78  84  84  91
  88  91  82  89  92 100  91  92  93  80 100  84  87 102  93  95  95  93
 103 100  89 117  94 104 108  94  98  99 112  93 117 104 120 118 113 117
 128 125 126 126 131 120 118 114 117 103 117 119 106 112  99 101  99 104
 120 107 103 111 110 117 102 103 106 102  87  76  89  99  79  87  85  89
  87  88  98  99  93  99  97 100  78 111  94  97  94  95  89  96  84  82
  99 101  91  88  84  95 101  86  96  94  95 110  98 107  94  94  99 105
  94  96  97  87 110  90  92 114 106 113  97 113 129 124 121 111 114 117
 116 117 104 126 131 113  72  73  75  83  82  85  67  78  61  77  74  82
  85  74  86  79  76 102 116  97 114 102  96 112 108  93 106 114  91 111
 114  99 107  96  65  73  67  65  68  70  67  68  67  73  71  76  62  75
  80  68  70 104  87  93  94  91 111  95  87 109 108 105 111  95  98 103
  94 111 112 105 112 103 112 120 116 109 111 111 130 106 110 108 117 118
 118 100  88  94 112  94 105 114  95 108 108 101 110  98  93 102 103 108
 120 120 116 133 108 118 121 103 124 102 105 121 117 129 115 111 114 108
  94  98  82 108 102 105  95  98  95 100  94 102  96 101 104  99  76  75
  87  73  64  76  82  69  67  70  76  65  70  67  66  57  73  90  97  87
  93  91  91  83  93  91  85  92  90  96  84  88  78  94 104 107 113 131
 109 103 102 112 122 109 114 104 101 114 115 119 118  96  98 104 114 104
 100 110 106 102  98 111 108 111 108 114  99 108  91  96  80  77  91  93
  79  99  86 101  88  96  95  86  85  91  89 118 107 108 112 107 105 105
 102 112 112 113 107  97 112 103  96  96 109 109 107  94 101  95 103  96
 106 109 103 111 105  91  97 104 114  97 102  91  99  96 104 101  95 111
 103 102  96 105 103 104  96 103  75  76  54  65  68  83  78  74  82  73
  74  87  82  77  63  70  75  67  63  63  58  68  72  58  67  58  57  59
  66  63  64  62  61  67 111 108 114 109 120 114 100  96 118  97 111 108
  98 100 112 123 103 133 133 127 120 124 118 121 129 121 116 122 121 130
 126 113 123 120  78  75  89  89  77  88  82  81  85  81  80  83  76  71
  94  67  84  96 109  96 111 102  98 107  99 104  88  98  94  87  90 102
 107  80  80  81  84  87  76  85  89  75  76  80  88  83  74  73  75  75
  69]
500
405.36638655462184 500 594.6336134453782
10000 403.0 popsize 201
20000 404.0 popsize 201
30000 416.0 popsize 201
40000 423.0 popsize 201
50000 423.0 popsize 201
60000 423.0 popsize 201
70000 423.0 popsize 201
80000 423.0 popsize 201
90000 423.0 popsize 201
100000 423.0 popsize 201
110000 423.0 popsize 201
120000 423.0 popsize 201
130000 423.0 popsize 201
140000 423.0 popsize 201
150000 423.0 popsize 201
160000 423.0 popsize 201
170000 423.0 popsize 201
180000 423.0 popsize 201
190000 423.0 popsize 201
200000 423.0 popsize 201
210000 423.0 popsize 201
220000 423.0 popsize 201
230000 423.0 popsize 201
240000 423.0 popsize 201
250000 423.0 popsize 201
260000 423.0 popsize 201
270000 423.0 popsize 201
280000 423.0 popsize 201
290000 423.0 popsize 201
300000 423.0 popsize 201
310000 423.0 popsize 201
320000 423.0 popsize 201
330000 423.0 popsize 201
340000 423.0 popsize 201
350000 423.0 popsize 201
360000 423.0 popsize 201
370000 423.0 popsize 201
380000 423.0 popsize 201
390000 423.0 popsize 201
400000 423.0 popsize 201
410000 423.0 popsize 201
420000 423.0 popsize 201
430000 423.0 popsize 201
440000 423.0 popsize 201
450000 423.0 popsize 201
460000 423.0 popsize 201
470000 423.0 popsize 201
480000 423.0 popsize 201
490000 423.0 popsize 201
500000 423.0 popsize 201
510000 423.0 popsize 201
520000 423.0 popsize 201
530000 423.0 popsize 201
540000 423.0 popsize 201
550000 423.0 popsize 201
560000 423.0 popsize 201
570000 423.0 popsize 201
580000 423.0 popsize 201
590000 423.0 popsize 201
600000 423.0 popsize 201
610000 423.0 popsize 201
620000 423.0 popsize 201
630000 423.0 popsize 201
640000 423.0 popsize 201
650000 423.0 popsize 201
660000 423.0 popsize 201
670000 423.0 popsize 201
680000 423.0 popsize 201
690000 423.0 popsize 201
700000 423.0 popsize 201
710000 423.0 popsize 201
720000 423.0 popsize 201
730000 423.0 popsize 201
740000 423.0 popsize 201
750000 423.0 popsize 201
760000 423.0 popsize 201
770000 423.0 popsize 201
780000 423.0 popsize 201
790000 423.0 popsize 201
800000 423.0 popsize 201
810000 423.0 popsize 201
820000 423.0 popsize 201
830000 423.0 popsize 201
840000 423.0 popsize 201
850000 423.0 popsize 201
860000 423.0 popsize 201
870000 423.0 popsize 201
880000 423.0 popsize 201
890000 423.0 popsize 201
900000 423.0 popsize 201
910000 423.0 popsize 201
920000 423.0 popsize 201
930000 423.0 popsize 201
940000 423.0 popsize 201
950000 423.0 popsize 201
960000 423.0 popsize 201
970000 423.0 popsize 201
980000 423.0 popsize 201
990000 423.0 popsize 201
1000000 423.0 popsize 201
1010000 423.0 popsize 201
1020000 423.0 popsize 201
1030000 423.0 popsize 201
1040000 423.0 popsize 201
1050000 423.0 popsize 201
1060000 423.0 popsize 201
1070000 423.0 popsize 201
1080000 423.0 popsize 201
1090000 423.0 popsize 201
1100000 423.0 popsize 201
1110000 423.0 popsize 201
1120000 423.0 popsize 201
1130000 423.0 popsize 201
1140000 423.0 popsize 201
1150000 423.0 popsize 201
1160000 423.0 popsize 201
1170000 423.0 popsize 201
1180000 423.0 popsize 201
1190000 423.0 popsize 201
1200000 423.0 popsize 201
595
[ 75  74  69  66  61  72  63  66  63  74  73  61  76  77  80  60  51  59
  72  69  66  57  73  63  65  60  62  78  54  74  63  73  64  62  69  66
  72  69  74  60  62  68  67  67  70  72  63  69  72  70  63 103 127 112
 109 110 122 118 116 112 123 108 114 113 113 116 122 106  78  84  84  91
  88  91  82  89  92 100  91  92  93  80 100  84  87 102  93  95  95  93
 103 100  89 117  94 104 108  94  98  99 112  93 117 104 120 118 113 117
 128 125 126 126 131 120 118 114 117 103 117 119 106 112  99 101  99 104
 120 107 103 111 110 117 102 103 106 102  87  76  89  99  79  87  85  89
  87  88  98  99  93  99  97 100  78 111  94  97  94  95  89  96  84  82
  99 101  91  88  84  95 101  86  96  94  95 110  98 107  94  94  99 105
  94  96  97  87 110  90  92 114 106 113  97 113 129 124 121 111 114 117
 116 117 104 126 131 113  72  73  75  83  82  85  67  78  61  77  74  82
  85  74  86  79  76 102 116  97 114 102  96 112 108  93 106 114  91 111
 114  99 107  96  65  73  67  65  68  70  67  68  67  73  71  76  62  75
  80  68  70 104  87  93  94  91 111  95  87 109 108 105 111  95  98 103
  94 111 112 105 112 103 112 120 116 109 111 111 130 106 110 108 117 118
 118 100  88  94 112  94 105 114  95 108 108 101 110  98  93 102 103 108
 120 120 116 133 108 118 121 103 124 102 105 121 117 129 115 111 114 108
  94  98  82 108 102 105  95  98  95 100  94 102  96 101 104  99  76  75
  87  73  64  76  82  69  67  70  76  65  70  67  66  57  73  90  97  87
  93  91  91  83  93  91  85  92  90  96  84  88  78  94 104 107 113 131
 109 103 102 112 122 109 114 104 101 114 115 119 118  96  98 104 114 104
 100 110 106 102  98 111 108 111 108 114  99 108  91  96  80  77  91  93
  79  99  86 101  88  96  95  86  85  91  89 118 107 108 112 107 105 105
 102 112 112 113 107  97 112 103  96  96 109 109 107  94 101  95 103  96
 106 109 103 111 105  91  97 104 114  97 102  91  99  96 104 101  95 111
 103 102  96 105 103 104  96 103  75  76  54  65  68  83  78  74  82  73
  74  87  82  77  63  70  75  67  63  63  58  68  72  58  67  58  57  59
  66  63  64  62  61  67 111 108 114 109 120 114 100  96 118  97 111 108
  98 100 112 123 103 133 133 127 120 124 118 121 129 121 116 122 121 130
 126 113 123 120  78  75  89  89  77  88  82  81  85  81  80  83  76  71
  94  67  84  96 109  96 111 102  98 107  99 104  88  98  94  87  90 102
 107  80  80  81  84  87  76  85  89  75  76  80  88  83  74  73  75  75
  69]
500
405.36638655462184 500 594.6336134453782
10000 402.0 popsize 201
20000 410.0 popsize 201
30000 410.0 popsize 201
40000 414.0 popsize 201
50000 414.0 popsize 201
60000 414.0 popsize 201
70000 415.0 popsize 201
80000 415.0 popsize 201
90000 416.0 popsize 201
100000 416.0 popsize 201
110000 416.0 popsize 201
120000 416.0 popsize 201
130000 416.0 popsize 201
140000 416.0 popsize 201
150000 416.0 popsize 201
160000 416.0 popsize 201
170000 416.0 popsize 201
180000 416.0 popsize 201
190000 416.0 popsize 201
200000 416.0 popsize 201
210000 416.0 popsize 201
220000 416.0 popsize 201
230000 416.0 popsize 201
240000 416.0 popsize 201
250000 416.0 popsize 201
260000 416.0 popsize 201
270000 416.0 popsize 201
280000 416.0 popsize 201
290000 416.0 popsize 201
300000 416.0 popsize 201
310000 416.0 popsize 201
320000 416.0 popsize 201
330000 416.0 popsize 201
340000 416.0 popsize 201
350000 416.0 popsize 201
360000 416.0 popsize 201
370000 416.0 popsize 201
380000 416.0 popsize 201
390000 416.0 popsize 201
400000 416.0 popsize 201
410000 416.0 popsize 201
420000 416.0 popsize 201
430000 417.0 popsize 201
440000 417.0 popsize 201
450000 417.0 popsize 201
460000 417.0 popsize 201
470000 417.0 popsize 201
480000 417.0 popsize 201
490000 417.0 popsize 201
500000 417.0 popsize 201
510000 417.0 popsize 201
520000 417.0 popsize 201
530000 417.0 popsize 201
540000 417.0 popsize 201
550000 417.0 popsize 201
560000 417.0 popsize 201
570000 417.0 popsize 201
580000 417.0 popsize 201
590000 417.0 popsize 201
600000 417.0 popsize 201
610000 417.0 popsize 201
620000 418.0 popsize 201
630000 418.0 popsize 201
640000 418.0 popsize 201
650000 419.0 popsize 201
660000 419.0 popsize 201
670000 419.0 popsize 201
680000 419.0 popsize 201
690000 419.0 popsize 201
700000 419.0 popsize 201
710000 419.0 popsize 201
720000 419.0 popsize 201
730000 419.0 popsize 201
740000 419.0 popsize 201
750000 419.0 popsize 201
760000 419.0 popsize 201
770000 419.0 popsize 201
780000 419.0 popsize 201
790000 419.0 popsize 201
800000 419.0 popsize 201
810000 419.0 popsize 201
820000 419.0 popsize 201
830000 419.0 popsize 201
840000 419.0 popsize 201
850000 419.0 popsize 201
860000 419.0 popsize 201
870000 419.0 popsize 201
880000 419.0 popsize 201
890000 419.0 popsize 201
900000 419.0 popsize 201
910000 419.0 popsize 201
920000 419.0 popsize 201
930000 419.0 popsize 201
940000 419.0 popsize 201
950000 419.0 popsize 201
960000 419.0 popsize 201
970000 419.0 popsize 201
980000 419.0 popsize 201
990000 419.0 popsize 201
1000000 419.0 popsize 201
1010000 419.0 popsize 201
1020000 419.0 popsize 201
1030000 419.0 popsize 201
1040000 419.0 popsize 201
1050000 419.0 popsize 201
1060000 419.0 popsize 201
1070000 419.0 popsize 201
1080000 419.0 popsize 201
1090000 419.0 popsize 201
1100000 419.0 popsize 201
1110000 419.0 popsize 201
1120000 419.0 popsize 201
1130000 419.0 popsize 201
1140000 419.0 popsize 201
1150000 419.0 popsize 201
1160000 419.0 popsize 201
1170000 419.0 popsize 201
1180000 419.0 popsize 201
1190000 419.0 popsize 201
1200000 419.0 popsize 201
595
[ 75  74  69  66  61  72  63  66  63  74  73  61  76  77  80  60  51  59
  72  69  66  57  73  63  65  60  62  78  54  74  63  73  64  62  69  66
  72  69  74  60  62  68  67  67  70  72  63  69  72  70  63 103 127 112
 109 110 122 118 116 112 123 108 114 113 113 116 122 106  78  84  84  91
  88  91  82  89  92 100  91  92  93  80 100  84  87 102  93  95  95  93
 103 100  89 117  94 104 108  94  98  99 112  93 117 104 120 118 113 117
 128 125 126 126 131 120 118 114 117 103 117 119 106 112  99 101  99 104
 120 107 103 111 110 117 102 103 106 102  87  76  89  99  79  87  85  89
  87  88  98  99  93  99  97 100  78 111  94  97  94  95  89  96  84  82
  99 101  91  88  84  95 101  86  96  94  95 110  98 107  94  94  99 105
  94  96  97  87 110  90  92 114 106 113  97 113 129 124 121 111 114 117
 116 117 104 126 131 113  72  73  75  83  82  85  67  78  61  77  74  82
  85  74  86  79  76 102 116  97 114 102  96 112 108  93 106 114  91 111
 114  99 107  96  65  73  67  65  68  70  67  68  67  73  71  76  62  75
  80  68  70 104  87  93  94  91 111  95  87 109 108 105 111  95  98 103
  94 111 112 105 112 103 112 120 116 109 111 111 130 106 110 108 117 118
 118 100  88  94 112  94 105 114  95 108 108 101 110  98  93 102 103 108
 120 120 116 133 108 118 121 103 124 102 105 121 117 129 115 111 114 108
  94  98  82 108 102 105  95  98  95 100  94 102  96 101 104  99  76  75
  87  73  64  76  82  69  67  70  76  65  70  67  66  57  73  90  97  87
  93  91  91  83  93  91  85  92  90  96  84  88  78  94 104 107 113 131
 109 103 102 112 122 109 114 104 101 114 115 119 118  96  98 104 114 104
 100 110 106 102  98 111 108 111 108 114  99 108  91  96  80  77  91  93
  79  99  86 101  88  96  95  86  85  91  89 118 107 108 112 107 105 105
 102 112 112 113 107  97 112 103  96  96 109 109 107  94 101  95 103  96
 106 109 103 111 105  91  97 104 114  97 102  91  99  96 104 101  95 111
 103 102  96 105 103 104  96 103  75  76  54  65  68  83  78  74  82  73
  74  87  82  77  63  70  75  67  63  63  58  68  72  58  67  58  57  59
  66  63  64  62  61  67 111 108 114 109 120 114 100  96 118  97 111 108
  98 100 112 123 103 133 133 127 120 124 118 121 129 121 116 122 121 130
 126 113 123 120  78  75  89  89  77  88  82  81  85  81  80  83  76  71
  94  67  84  96 109  96 111 102  98 107  99 104  88  98  94  87  90 102
 107  80  80  81  84  87  76  85  89  75  76  80  88  83  74  73  75  75
  69]
500
405.36638655462184 500 594.6336134453782
10000 409.0 popsize 201
20000 416.0 popsize 201
30000 416.0 popsize 201
40000 419.0 popsize 201
50000 419.0 popsize 201
60000 417.0 popsize 201
70000 417.0 popsize 201
80000 417.0 popsize 201
90000 417.0 popsize 201
100000 417.0 popsize 201
110000 417.0 popsize 201
120000 417.0 popsize 201
130000 417.0 popsize 201
140000 417.0 popsize 201
150000 417.0 popsize 201
160000 417.0 popsize 201
170000 417.0 popsize 201
180000 417.0 popsize 201
190000 417.0 popsize 201
200000 417.0 popsize 201
210000 417.0 popsize 201
220000 417.0 popsize 201
230000 417.0 popsize 201
240000 417.0 popsize 201
250000 417.0 popsize 201
260000 417.0 popsize 201
270000 418.0 popsize 201
280000 418.0 popsize 201
290000 418.0 popsize 201
300000 418.0 popsize 201
310000 418.0 popsize 201
320000 418.0 popsize 201
330000 418.0 popsize 201
340000 418.0 popsize 201
350000 418.0 popsize 201
360000 418.0 popsize 201
370000 418.0 popsize 201
380000 418.0 popsize 201
390000 418.0 popsize 201
400000 418.0 popsize 201
410000 418.0 popsize 201
420000 418.0 popsize 201
430000 418.0 popsize 201
440000 418.0 popsize 201
450000 418.0 popsize 201
460000 418.0 popsize 201
470000 418.0 popsize 201
480000 418.0 popsize 201
490000 418.0 popsize 201
500000 418.0 popsize 201
510000 418.0 popsize 201
520000 418.0 popsize 201
530000 418.0 popsize 201
540000 418.0 popsize 201
550000 418.0 popsize 201
560000 419.0 popsize 201
570000 419.0 popsize 201
580000 419.0 popsize 201
590000 419.0 popsize 201
600000 419.0 popsize 201
610000 419.0 popsize 201
620000 419.0 popsize 201
630000 419.0 popsize 201
640000 419.0 popsize 201
650000 419.0 popsize 201
660000 419.0 popsize 201
670000 419.0 popsize 201
680000 419.0 popsize 201
690000 419.0 popsize 201
700000 419.0 popsize 201
710000 419.0 popsize 201
720000 419.0 popsize 201
730000 419.0 popsize 201
740000 419.0 popsize 201
750000 419.0 popsize 201
760000 419.0 popsize 201
770000 419.0 popsize 201
780000 419.0 popsize 201
790000 419.0 popsize 201
800000 419.0 popsize 201
810000 419.0 popsize 201
820000 419.0 popsize 201
830000 419.0 popsize 201
840000 419.0 popsize 201
850000 419.0 popsize 201
860000 419.0 popsize 201
870000 419.0 popsize 201
880000 419.0 popsize 201
890000 419.0 popsize 201
900000 419.0 popsize 201
910000 419.0 popsize 201
920000 419.0 popsize 201
930000 419.0 popsize 201
940000 419.0 popsize 201
950000 419.0 popsize 201
960000 419.0 popsize 201
970000 419.0 popsize 201
980000 419.0 popsize 201
990000 419.0 popsize 201
1000000 419.0 popsize 201
1010000 419.0 popsize 201
1020000 419.0 popsize 201
1030000 419.0 popsize 201
1040000 419.0 popsize 201
1050000 419.0 popsize 201
1060000 419.0 popsize 201
1070000 419.0 popsize 201
1080000 419.0 popsize 201
1090000 419.0 popsize 201
1100000 419.0 popsize 201
1110000 419.0 popsize 201
1120000 419.0 popsize 201
1130000 419.0 popsize 201
1140000 419.0 popsize 201
1150000 419.0 popsize 201
1160000 419.0 popsize 201
1170000 419.0 popsize 201
1180000 419.0 popsize 201
1190000 419.0 popsize 201
1200000 419.0 popsize 201
595
[ 75  74  69  66  61  72  63  66  63  74  73  61  76  77  80  60  51  59
  72  69  66  57  73  63  65  60  62  78  54  74  63  73  64  62  69  66
  72  69  74  60  62  68  67  67  70  72  63  69  72  70  63 103 127 112
 109 110 122 118 116 112 123 108 114 113 113 116 122 106  78  84  84  91
  88  91  82  89  92 100  91  92  93  80 100  84  87 102  93  95  95  93
 103 100  89 117  94 104 108  94  98  99 112  93 117 104 120 118 113 117
 128 125 126 126 131 120 118 114 117 103 117 119 106 112  99 101  99 104
 120 107 103 111 110 117 102 103 106 102  87  76  89  99  79  87  85  89
  87  88  98  99  93  99  97 100  78 111  94  97  94  95  89  96  84  82
  99 101  91  88  84  95 101  86  96  94  95 110  98 107  94  94  99 105
  94  96  97  87 110  90  92 114 106 113  97 113 129 124 121 111 114 117
 116 117 104 126 131 113  72  73  75  83  82  85  67  78  61  77  74  82
  85  74  86  79  76 102 116  97 114 102  96 112 108  93 106 114  91 111
 114  99 107  96  65  73  67  65  68  70  67  68  67  73  71  76  62  75
  80  68  70 104  87  93  94  91 111  95  87 109 108 105 111  95  98 103
  94 111 112 105 112 103 112 120 116 109 111 111 130 106 110 108 117 118
 118 100  88  94 112  94 105 114  95 108 108 101 110  98  93 102 103 108
 120 120 116 133 108 118 121 103 124 102 105 121 117 129 115 111 114 108
  94  98  82 108 102 105  95  98  95 100  94 102  96 101 104  99  76  75
  87  73  64  76  82  69  67  70  76  65  70  67  66  57  73  90  97  87
  93  91  91  83  93  91  85  92  90  96  84  88  78  94 104 107 113 131
 109 103 102 112 122 109 114 104 101 114 115 119 118  96  98 104 114 104
 100 110 106 102  98 111 108 111 108 114  99 108  91  96  80  77  91  93
  79  99  86 101  88  96  95  86  85  91  89 118 107 108 112 107 105 105
 102 112 112 113 107  97 112 103  96  96 109 109 107  94 101  95 103  96
 106 109 103 111 105  91  97 104 114  97 102  91  99  96 104 101  95 111
 103 102  96 105 103 104  96 103  75  76  54  65  68  83  78  74  82  73
  74  87  82  77  63  70  75  67  63  63  58  68  72  58  67  58  57  59
  66  63  64  62  61  67 111 108 114 109 120 114 100  96 118  97 111 108
  98 100 112 123 103 133 133 127 120 124 118 121 129 121 116 122 121 130
 126 113 123 120  78  75  89  89  77  88  82  81  85  81  80  83  76  71
  94  67  84  96 109  96 111 102  98 107  99 104  88  98  94  87  90 102
 107  80  80  81  84  87  76  85  89  75  76  80  88  83  74  73  75  75
  69]
500
405.36638655462184 500 594.6336134453782
10000 402.0 popsize 201
20000 412.0 popsize 201
30000 417.0 popsize 201
40000 417.0 popsize 201
50000 417.0 popsize 201
60000 420.0 popsize 201
70000 420.0 popsize 201
80000 420.0 popsize 201
90000 424.0 popsize 201
100000 424.0 popsize 201
110000 424.0 popsize 201
120000 424.0 popsize 201
130000 424.0 popsize 201
140000 424.0 popsize 201
150000 424.0 popsize 201
160000 424.0 popsize 201
170000 424.0 popsize 201
180000 424.0 popsize 201
190000 424.0 popsize 201
200000 424.0 popsize 201
210000 424.0 popsize 201
220000 424.0 popsize 201
230000 424.0 popsize 201
240000 424.0 popsize 201
250000 424.0 popsize 201
260000 424.0 popsize 201
270000 424.0 popsize 201
280000 424.0 popsize 201
290000 424.0 popsize 201
300000 424.0 popsize 201
310000 424.0 popsize 201
320000 424.0 popsize 201
330000 424.0 popsize 201
340000 424.0 popsize 201
350000 424.0 popsize 201
360000 424.0 popsize 201
370000 424.0 popsize 201
380000 424.0 popsize 201
390000 424.0 popsize 201
400000 424.0 popsize 201
410000 424.0 popsize 201
420000 424.0 popsize 201
430000 424.0 popsize 201
440000 424.0 popsize 201
450000 424.0 popsize 201
460000 424.0 popsize 201
470000 424.0 popsize 201
480000 424.0 popsize 201
490000 424.0 popsize 201
500000 424.0 popsize 201
510000 424.0 popsize 201
520000 424.0 popsize 201
530000 424.0 popsize 201
540000 424.0 popsize 201
550000 424.0 popsize 201
560000 424.0 popsize 201
570000 424.0 popsize 201
580000 424.0 popsize 201
590000 424.0 popsize 201
600000 424.0 popsize 201
610000 424.0 popsize 201
620000 424.0 popsize 201
630000 424.0 popsize 201
640000 424.0 popsize 201
650000 424.0 popsize 201
660000 424.0 popsize 201
670000 424.0 popsize 201
680000 424.0 popsize 201
690000 424.0 popsize 201
700000 424.0 popsize 201
710000 424.0 popsize 201
720000 424.0 popsize 201
730000 424.0 popsize 201
740000 424.0 popsize 201
750000 424.0 popsize 201
760000 424.0 popsize 201
770000 424.0 popsize 201
780000 424.0 popsize 201
790000 424.0 popsize 201
800000 424.0 popsize 201
810000 424.0 popsize 201
820000 424.0 popsize 201
830000 424.0 popsize 201
840000 424.0 popsize 201
850000 424.0 popsize 201
860000 424.0 popsize 201
870000 424.0 popsize 201
880000 424.0 popsize 201
890000 424.0 popsize 201
900000 424.0 popsize 201
910000 424.0 popsize 201
920000 424.0 popsize 201
930000 424.0 popsize 201
940000 424.0 popsize 201
950000 424.0 popsize 201
960000 424.0 popsize 201
970000 424.0 popsize 201
980000 424.0 popsize 201
990000 424.0 popsize 201
1000000 424.0 popsize 201
1010000 424.0 popsize 201
1020000 424.0 popsize 201
1030000 424.0 popsize 201
1040000 424.0 popsize 201
1050000 424.0 popsize 201
1060000 424.0 popsize 201
1070000 424.0 popsize 201
1080000 424.0 popsize 201
1090000 424.0 popsize 201
1100000 424.0 popsize 201
1110000 424.0 popsize 201
1120000 424.0 popsize 201
1130000 424.0 popsize 201
1140000 424.0 popsize 201
1150000 424.0 popsize 201
1160000 424.0 popsize 201
1170000 424.0 popsize 201
1180000 424.0 popsize 201
1190000 424.0 popsize 201
1200000 424.0 popsize 201
595
[ 75  74  69  66  61  72  63  66  63  74  73  61  76  77  80  60  51  59
  72  69  66  57  73  63  65  60  62  78  54  74  63  73  64  62  69  66
  72  69  74  60  62  68  67  67  70  72  63  69  72  70  63 103 127 112
 109 110 122 118 116 112 123 108 114 113 113 116 122 106  78  84  84  91
  88  91  82  89  92 100  91  92  93  80 100  84  87 102  93  95  95  93
 103 100  89 117  94 104 108  94  98  99 112  93 117 104 120 118 113 117
 128 125 126 126 131 120 118 114 117 103 117 119 106 112  99 101  99 104
 120 107 103 111 110 117 102 103 106 102  87  76  89  99  79  87  85  89
  87  88  98  99  93  99  97 100  78 111  94  97  94  95  89  96  84  82
  99 101  91  88  84  95 101  86  96  94  95 110  98 107  94  94  99 105
  94  96  97  87 110  90  92 114 106 113  97 113 129 124 121 111 114 117
 116 117 104 126 131 113  72  73  75  83  82  85  67  78  61  77  74  82
  85  74  86  79  76 102 116  97 114 102  96 112 108  93 106 114  91 111
 114  99 107  96  65  73  67  65  68  70  67  68  67  73  71  76  62  75
  80  68  70 104  87  93  94  91 111  95  87 109 108 105 111  95  98 103
  94 111 112 105 112 103 112 120 116 109 111 111 130 106 110 108 117 118
 118 100  88  94 112  94 105 114  95 108 108 101 110  98  93 102 103 108
 120 120 116 133 108 118 121 103 124 102 105 121 117 129 115 111 114 108
  94  98  82 108 102 105  95  98  95 100  94 102  96 101 104  99  76  75
  87  73  64  76  82  69  67  70  76  65  70  67  66  57  73  90  97  87
  93  91  91  83  93  91  85  92  90  96  84  88  78  94 104 107 113 131
 109 103 102 112 122 109 114 104 101 114 115 119 118  96  98 104 114 104
 100 110 106 102  98 111 108 111 108 114  99 108  91  96  80  77  91  93
  79  99  86 101  88  96  95  86  85  91  89 118 107 108 112 107 105 105
 102 112 112 113 107  97 112 103  96  96 109 109 107  94 101  95 103  96
 106 109 103 111 105  91  97 104 114  97 102  91  99  96 104 101  95 111
 103 102  96 105 103 104  96 103  75  76  54  65  68  83  78  74  82  73
  74  87  82  77  63  70  75  67  63  63  58  68  72  58  67  58  57  59
  66  63  64  62  61  67 111 108 114 109 120 114 100  96 118  97 111 108
  98 100 112 123 103 133 133 127 120 124 118 121 129 121 116 122 121 130
 126 113 123 120  78  75  89  89  77  88  82  81  85  81  80  83  76  71
  94  67  84  96 109  96 111 102  98 107  99 104  88  98  94  87  90 102
 107  80  80  81  84  87  76  85  89  75  76  80  88  83  74  73  75  75
  69]
500
405.36638655462184 500 594.6336134453782
10000 407.0 popsize 201
20000 407.0 popsize 201
30000 406.0 popsize 201
40000 410.0 popsize 201
50000 410.0 popsize 201
60000 413.0 popsize 201
70000 413.0 popsize 201
80000 413.0 popsize 201
90000 416.0 popsize 201
100000 416.0 popsize 201
110000 416.0 popsize 201
120000 416.0 popsize 201
130000 425.0 popsize 201
140000 425.0 popsize 201
150000 425.0 popsize 201
160000 425.0 popsize 201
170000 425.0 popsize 201
180000 425.0 popsize 201
190000 425.0 popsize 201
200000 425.0 popsize 201
210000 425.0 popsize 201
220000 425.0 popsize 201
230000 425.0 popsize 201
240000 425.0 popsize 201
250000 425.0 popsize 201
260000 425.0 popsize 201
270000 425.0 popsize 201
280000 425.0 popsize 201
290000 425.0 popsize 201
300000 425.0 popsize 201
310000 425.0 popsize 201
320000 425.0 popsize 201
330000 425.0 popsize 201
340000 425.0 popsize 201
350000 425.0 popsize 201
360000 425.0 popsize 201
370000 425.0 popsize 201
380000 425.0 popsize 201
390000 425.0 popsize 201
400000 425.0 popsize 201
410000 425.0 popsize 201
420000 425.0 popsize 201
430000 425.0 popsize 201
440000 425.0 popsize 201
450000 425.0 popsize 201
460000 425.0 popsize 201
470000 425.0 popsize 201
480000 425.0 popsize 201
490000 425.0 popsize 201
500000 425.0 popsize 201
510000 425.0 popsize 201
520000 425.0 popsize 201
530000 425.0 popsize 201
540000 425.0 popsize 201
550000 425.0 popsize 201
560000 425.0 popsize 201
570000 425.0 popsize 201
580000 425.0 popsize 201
590000 425.0 popsize 201
600000 425.0 popsize 201
610000 425.0 popsize 201
620000 425.0 popsize 201
630000 425.0 popsize 201
640000 425.0 popsize 201
650000 425.0 popsize 201
660000 425.0 popsize 201
670000 425.0 popsize 201
680000 425.0 popsize 201
690000 425.0 popsize 201
700000 425.0 popsize 201
710000 425.0 popsize 201
720000 425.0 popsize 201
730000 425.0 popsize 201
740000 425.0 popsize 201
750000 425.0 popsize 201
760000 425.0 popsize 201
770000 425.0 popsize 201
780000 425.0 popsize 201
790000 425.0 popsize 201
800000 425.0 popsize 201
810000 425.0 popsize 201
820000 425.0 popsize 201
830000 425.0 popsize 201
840000 425.0 popsize 201
850000 425.0 popsize 201
860000 425.0 popsize 201
870000 425.0 popsize 201
880000 425.0 popsize 201
890000 425.0 popsize 201
900000 425.0 popsize 201
910000 425.0 popsize 201
920000 425.0 popsize 201
930000 425.0 popsize 201
940000 425.0 popsize 201
950000 425.0 popsize 201
960000 425.0 popsize 201
970000 425.0 popsize 201
980000 425.0 popsize 201
990000 425.0 popsize 201
1000000 425.0 popsize 201
1010000 425.0 popsize 201
1020000 425.0 popsize 201
1030000 425.0 popsize 201
1040000 425.0 popsize 201
1050000 425.0 popsize 201
1060000 425.0 popsize 201
1070000 425.0 popsize 201
1080000 425.0 popsize 201
1090000 425.0 popsize 201
1100000 425.0 popsize 201
1110000 425.0 popsize 201
1120000 425.0 popsize 201
1130000 425.0 popsize 201
1140000 425.0 popsize 201
1150000 425.0 popsize 201
1160000 425.0 popsize 201
1170000 425.0 popsize 201
1180000 425.0 popsize 201
1190000 425.0 popsize 201
1200000 425.0 popsize 201
595
[ 75  74  69  66  61  72  63  66  63  74  73  61  76  77  80  60  51  59
  72  69  66  57  73  63  65  60  62  78  54  74  63  73  64  62  69  66
  72  69  74  60  62  68  67  67  70  72  63  69  72  70  63 103 127 112
 109 110 122 118 116 112 123 108 114 113 113 116 122 106  78  84  84  91
  88  91  82  89  92 100  91  92  93  80 100  84  87 102  93  95  95  93
 103 100  89 117  94 104 108  94  98  99 112  93 117 104 120 118 113 117
 128 125 126 126 131 120 118 114 117 103 117 119 106 112  99 101  99 104
 120 107 103 111 110 117 102 103 106 102  87  76  89  99  79  87  85  89
  87  88  98  99  93  99  97 100  78 111  94  97  94  95  89  96  84  82
  99 101  91  88  84  95 101  86  96  94  95 110  98 107  94  94  99 105
  94  96  97  87 110  90  92 114 106 113  97 113 129 124 121 111 114 117
 116 117 104 126 131 113  72  73  75  83  82  85  67  78  61  77  74  82
  85  74  86  79  76 102 116  97 114 102  96 112 108  93 106 114  91 111
 114  99 107  96  65  73  67  65  68  70  67  68  67  73  71  76  62  75
  80  68  70 104  87  93  94  91 111  95  87 109 108 105 111  95  98 103
  94 111 112 105 112 103 112 120 116 109 111 111 130 106 110 108 117 118
 118 100  88  94 112  94 105 114  95 108 108 101 110  98  93 102 103 108
 120 120 116 133 108 118 121 103 124 102 105 121 117 129 115 111 114 108
  94  98  82 108 102 105  95  98  95 100  94 102  96 101 104  99  76  75
  87  73  64  76  82  69  67  70  76  65  70  67  66  57  73  90  97  87
  93  91  91  83  93  91  85  92  90  96  84  88  78  94 104 107 113 131
 109 103 102 112 122 109 114 104 101 114 115 119 118  96  98 104 114 104
 100 110 106 102  98 111 108 111 108 114  99 108  91  96  80  77  91  93
  79  99  86 101  88  96  95  86  85  91  89 118 107 108 112 107 105 105
 102 112 112 113 107  97 112 103  96  96 109 109 107  94 101  95 103  96
 106 109 103 111 105  91  97 104 114  97 102  91  99  96 104 101  95 111
 103 102  96 105 103 104  96 103  75  76  54  65  68  83  78  74  82  73
  74  87  82  77  63  70  75  67  63  63  58  68  72  58  67  58  57  59
  66  63  64  62  61  67 111 108 114 109 120 114 100  96 118  97 111 108
  98 100 112 123 103 133 133 127 120 124 118 121 129 121 116 122 121 130
 126 113 123 120  78  75  89  89  77  88  82  81  85  81  80  83  76  71
  94  67  84  96 109  96 111 102  98 107  99 104  88  98  94  87  90 102
 107  80  80  81  84  87  76  85  89  75  76  80  88  83  74  73  75  75
  69]
500
405.36638655462184 500 594.6336134453782
10000 410.0 popsize 201
20000 414.0 popsize 201
30000 414.0 popsize 201
40000 418.0 popsize 201
50000 418.0 popsize 201
60000 418.0 popsize 201
70000 418.0 popsize 201
80000 420.0 popsize 201
90000 420.0 popsize 201
100000 420.0 popsize 201
110000 420.0 popsize 201
120000 421.0 popsize 201
130000 421.0 popsize 201
140000 421.0 popsize 201
150000 421.0 popsize 201
160000 421.0 popsize 201
170000 421.0 popsize 201
180000 421.0 popsize 201
190000 421.0 popsize 201
200000 421.0 popsize 201
210000 423.0 popsize 201
220000 423.0 popsize 201
230000 423.0 popsize 201
240000 423.0 popsize 201
250000 423.0 popsize 201
260000 423.0 popsize 201
270000 423.0 popsize 201
280000 423.0 popsize 201
290000 423.0 popsize 201
300000 423.0 popsize 201
310000 423.0 popsize 201
320000 423.0 popsize 201
330000 423.0 popsize 201
340000 423.0 popsize 201
350000 423.0 popsize 201
360000 423.0 popsize 201
370000 423.0 popsize 201
380000 423.0 popsize 201
390000 423.0 popsize 201
400000 423.0 popsize 201
410000 423.0 popsize 201
420000 423.0 popsize 201
430000 423.0 popsize 201
440000 423.0 popsize 201
450000 423.0 popsize 201
460000 423.0 popsize 201
470000 423.0 popsize 201
480000 423.0 popsize 201
490000 423.0 popsize 201
500000 423.0 popsize 201
510000 423.0 popsize 201
520000 423.0 popsize 201
530000 423.0 popsize 201
540000 423.0 popsize 201
550000 423.0 popsize 201
560000 423.0 popsize 201
570000 423.0 popsize 201
580000 423.0 popsize 201
590000 423.0 popsize 201
600000 423.0 popsize 201
610000 423.0 popsize 201
620000 423.0 popsize 201
630000 423.0 popsize 201
640000 423.0 popsize 201
650000 423.0 popsize 201
660000 423.0 popsize 201
670000 423.0 popsize 201
680000 423.0 popsize 201
690000 423.0 popsize 201
700000 423.0 popsize 201
710000 423.0 popsize 201
720000 423.0 popsize 201
730000 423.0 popsize 201
740000 423.0 popsize 201
750000 423.0 popsize 201
760000 423.0 popsize 201
770000 423.0 popsize 201
780000 423.0 popsize 201
790000 423.0 popsize 201
800000 423.0 popsize 201
810000 423.0 popsize 201
820000 423.0 popsize 201
830000 423.0 popsize 201
840000 423.0 popsize 201
850000 423.0 popsize 201
860000 423.0 popsize 201
870000 423.0 popsize 201
880000 423.0 popsize 201
890000 423.0 popsize 201
900000 423.0 popsize 201
910000 423.0 popsize 201
920000 423.0 popsize 201
930000 423.0 popsize 201
940000 423.0 popsize 201
950000 423.0 popsize 201
960000 423.0 popsize 201
970000 423.0 popsize 201
980000 423.0 popsize 201
990000 423.0 popsize 201
1000000 423.0 popsize 201
1010000 423.0 popsize 201
1020000 423.0 popsize 201
1030000 423.0 popsize 201
1040000 423.0 popsize 201
1050000 423.0 popsize 201
1060000 423.0 popsize 201
1070000 423.0 popsize 201
1080000 423.0 popsize 201
1090000 423.0 popsize 201
1100000 423.0 popsize 201
1110000 423.0 popsize 201
1120000 423.0 popsize 201
1130000 423.0 popsize 201
1140000 423.0 popsize 201
1150000 423.0 popsize 201
1160000 423.0 popsize 201
1170000 423.0 popsize 201
1180000 423.0 popsize 201
1190000 423.0 popsize 201
1200000 423.0 popsize 201
595
[ 75  74  69  66  61  72  63  66  63  74  73  61  76  77  80  60  51  59
  72  69  66  57  73  63  65  60  62  78  54  74  63  73  64  62  69  66
  72  69  74  60  62  68  67  67  70  72  63  69  72  70  63 103 127 112
 109 110 122 118 116 112 123 108 114 113 113 116 122 106  78  84  84  91
  88  91  82  89  92 100  91  92  93  80 100  84  87 102  93  95  95  93
 103 100  89 117  94 104 108  94  98  99 112  93 117 104 120 118 113 117
 128 125 126 126 131 120 118 114 117 103 117 119 106 112  99 101  99 104
 120 107 103 111 110 117 102 103 106 102  87  76  89  99  79  87  85  89
  87  88  98  99  93  99  97 100  78 111  94  97  94  95  89  96  84  82
  99 101  91  88  84  95 101  86  96  94  95 110  98 107  94  94  99 105
  94  96  97  87 110  90  92 114 106 113  97 113 129 124 121 111 114 117
 116 117 104 126 131 113  72  73  75  83  82  85  67  78  61  77  74  82
  85  74  86  79  76 102 116  97 114 102  96 112 108  93 106 114  91 111
 114  99 107  96  65  73  67  65  68  70  67  68  67  73  71  76  62  75
  80  68  70 104  87  93  94  91 111  95  87 109 108 105 111  95  98 103
  94 111 112 105 112 103 112 120 116 109 111 111 130 106 110 108 117 118
 118 100  88  94 112  94 105 114  95 108 108 101 110  98  93 102 103 108
 120 120 116 133 108 118 121 103 124 102 105 121 117 129 115 111 114 108
  94  98  82 108 102 105  95  98  95 100  94 102  96 101 104  99  76  75
  87  73  64  76  82  69  67  70  76  65  70  67  66  57  73  90  97  87
  93  91  91  83  93  91  85  92  90  96  84  88  78  94 104 107 113 131
 109 103 102 112 122 109 114 104 101 114 115 119 118  96  98 104 114 104
 100 110 106 102  98 111 108 111 108 114  99 108  91  96  80  77  91  93
  79  99  86 101  88  96  95  86  85  91  89 118 107 108 112 107 105 105
 102 112 112 113 107  97 112 103  96  96 109 109 107  94 101  95 103  96
 106 109 103 111 105  91  97 104 114  97 102  91  99  96 104 101  95 111
 103 102  96 105 103 104  96 103  75  76  54  65  68  83  78  74  82  73
  74  87  82  77  63  70  75  67  63  63  58  68  72  58  67  58  57  59
  66  63  64  62  61  67 111 108 114 109 120 114 100  96 118  97 111 108
  98 100 112 123 103 133 133 127 120 124 118 121 129 121 116 122 121 130
 126 113 123 120  78  75  89  89  77  88  82  81  85  81  80  83  76  71
  94  67  84  96 109  96 111 102  98 107  99 104  88  98  94  87  90 102
 107  80  80  81  84  87  76  85  89  75  76  80  88  83  74  73  75  75
  69]
500
405.36638655462184 500 594.6336134453782
10000 400.0 popsize 201
20000 408.0 popsize 201
30000 415.0 popsize 201
40000 415.0 popsize 201
50000 415.0 popsize 201
60000 415.0 popsize 201
70000 415.0 popsize 201
80000 415.0 popsize 201
90000 416.0 popsize 201
100000 416.0 popsize 201
110000 419.0 popsize 201
120000 419.0 popsize 201
130000 419.0 popsize 201
140000 419.0 popsize 201
150000 419.0 popsize 201
160000 419.0 popsize 201
170000 419.0 popsize 201
180000 419.0 popsize 201
190000 419.0 popsize 201
200000 419.0 popsize 201
210000 419.0 popsize 201
220000 419.0 popsize 201
230000 419.0 popsize 201
240000 419.0 popsize 201
250000 419.0 popsize 201
260000 419.0 popsize 201
270000 419.0 popsize 201
280000 419.0 popsize 201
290000 419.0 popsize 201
300000 419.0 popsize 201
310000 419.0 popsize 201
320000 419.0 popsize 201
330000 419.0 popsize 201
340000 419.0 popsize 201
350000 419.0 popsize 201
360000 419.0 popsize 201
370000 419.0 popsize 201
380000 419.0 popsize 201
390000 419.0 popsize 201
400000 419.0 popsize 201
410000 419.0 popsize 201
420000 419.0 popsize 201
430000 419.0 popsize 201
440000 421.0 popsize 201
450000 421.0 popsize 201
460000 421.0 popsize 201
470000 421.0 popsize 201
480000 421.0 popsize 201
490000 421.0 popsize 201
500000 421.0 popsize 201
510000 421.0 popsize 201
520000 421.0 popsize 201
530000 421.0 popsize 201
540000 421.0 popsize 201
550000 421.0 popsize 201
560000 421.0 popsize 201
570000 421.0 popsize 201
580000 421.0 popsize 201
590000 421.0 popsize 201
600000 421.0 popsize 201
610000 421.0 popsize 201
620000 421.0 popsize 201
630000 421.0 popsize 201
640000 421.0 popsize 201
650000 421.0 popsize 201
660000 421.0 popsize 201
670000 421.0 popsize 201
680000 421.0 popsize 201
690000 421.0 popsize 201
700000 421.0 popsize 201
710000 421.0 popsize 201
720000 421.0 popsize 201
730000 421.0 popsize 201
740000 421.0 popsize 201
750000 421.0 popsize 201
760000 421.0 popsize 201
770000 421.0 popsize 201
780000 421.0 popsize 201
790000 421.0 popsize 201
800000 421.0 popsize 201
810000 421.0 popsize 201
820000 421.0 popsize 201
830000 421.0 popsize 201
840000 421.0 popsize 201
850000 421.0 popsize 201
860000 421.0 popsize 201
870000 422.0 popsize 201
880000 422.0 popsize 201
890000 422.0 popsize 201
900000 422.0 popsize 201
910000 422.0 popsize 201
920000 422.0 popsize 201
930000 422.0 popsize 201
940000 422.0 popsize 201
950000 422.0 popsize 201
960000 422.0 popsize 201
970000 422.0 popsize 201
980000 422.0 popsize 201
990000 422.0 popsize 201
1000000 423.0 popsize 201
1010000 423.0 popsize 201
1020000 423.0 popsize 201
1030000 423.0 popsize 201
1040000 423.0 popsize 201
1050000 423.0 popsize 201
1060000 423.0 popsize 201
1070000 423.0 popsize 201
1080000 423.0 popsize 201
1090000 423.0 popsize 201
1100000 423.0 popsize 201
1110000 423.0 popsize 201
1120000 423.0 popsize 201
1130000 423.0 popsize 201
1140000 423.0 popsize 201
1150000 423.0 popsize 201
1160000 423.0 popsize 201
1170000 423.0 popsize 201
1180000 423.0 popsize 201
1190000 423.0 popsize 201
1200000 423.0 popsize 201
595
[ 75  74  69  66  61  72  63  66  63  74  73  61  76  77  80  60  51  59
  72  69  66  57  73  63  65  60  62  78  54  74  63  73  64  62  69  66
  72  69  74  60  62  68  67  67  70  72  63  69  72  70  63 103 127 112
 109 110 122 118 116 112 123 108 114 113 113 116 122 106  78  84  84  91
  88  91  82  89  92 100  91  92  93  80 100  84  87 102  93  95  95  93
 103 100  89 117  94 104 108  94  98  99 112  93 117 104 120 118 113 117
 128 125 126 126 131 120 118 114 117 103 117 119 106 112  99 101  99 104
 120 107 103 111 110 117 102 103 106 102  87  76  89  99  79  87  85  89
  87  88  98  99  93  99  97 100  78 111  94  97  94  95  89  96  84  82
  99 101  91  88  84  95 101  86  96  94  95 110  98 107  94  94  99 105
  94  96  97  87 110  90  92 114 106 113  97 113 129 124 121 111 114 117
 116 117 104 126 131 113  72  73  75  83  82  85  67  78  61  77  74  82
  85  74  86  79  76 102 116  97 114 102  96 112 108  93 106 114  91 111
 114  99 107  96  65  73  67  65  68  70  67  68  67  73  71  76  62  75
  80  68  70 104  87  93  94  91 111  95  87 109 108 105 111  95  98 103
  94 111 112 105 112 103 112 120 116 109 111 111 130 106 110 108 117 118
 118 100  88  94 112  94 105 114  95 108 108 101 110  98  93 102 103 108
 120 120 116 133 108 118 121 103 124 102 105 121 117 129 115 111 114 108
  94  98  82 108 102 105  95  98  95 100  94 102  96 101 104  99  76  75
  87  73  64  76  82  69  67  70  76  65  70  67  66  57  73  90  97  87
  93  91  91  83  93  91  85  92  90  96  84  88  78  94 104 107 113 131
 109 103 102 112 122 109 114 104 101 114 115 119 118  96  98 104 114 104
 100 110 106 102  98 111 108 111 108 114  99 108  91  96  80  77  91  93
  79  99  86 101  88  96  95  86  85  91  89 118 107 108 112 107 105 105
 102 112 112 113 107  97 112 103  96  96 109 109 107  94 101  95 103  96
 106 109 103 111 105  91  97 104 114  97 102  91  99  96 104 101  95 111
 103 102  96 105 103 104  96 103  75  76  54  65  68  83  78  74  82  73
  74  87  82  77  63  70  75  67  63  63  58  68  72  58  67  58  57  59
  66  63  64  62  61  67 111 108 114 109 120 114 100  96 118  97 111 108
  98 100 112 123 103 133 133 127 120 124 118 121 129 121 116 122 121 130
 126 113 123 120  78  75  89  89  77  88  82  81  85  81  80  83  76  71
  94  67  84  96 109  96 111 102  98 107  99 104  88  98  94  87  90 102
 107  80  80  81  84  87  76  85  89  75  76  80  88  83  74  73  75  75
  69]
500
405.36638655462184 500 594.6336134453782
10000 401.0 popsize 201
20000 407.0 popsize 201
30000 417.0 popsize 201
40000 417.0 popsize 201
50000 417.0 popsize 201
60000 417.0 popsize 201
70000 414.0 popsize 201
80000 415.0 popsize 201
90000 415.0 popsize 201
100000 415.0 popsize 201
110000 415.0 popsize 201
120000 415.0 popsize 201
130000 417.0 popsize 201
140000 417.0 popsize 201
150000 417.0 popsize 201
160000 417.0 popsize 201
170000 417.0 popsize 201
180000 417.0 popsize 201
190000 417.0 popsize 201
200000 417.0 popsize 201
210000 417.0 popsize 201
220000 417.0 popsize 201
230000 417.0 popsize 201
240000 417.0 popsize 201
250000 417.0 popsize 201
260000 417.0 popsize 201
270000 417.0 popsize 201
280000 417.0 popsize 201
290000 417.0 popsize 201
300000 417.0 popsize 201
310000 417.0 popsize 201
320000 417.0 popsize 201
330000 417.0 popsize 201
340000 417.0 popsize 201
350000 417.0 popsize 201
360000 417.0 popsize 201
370000 417.0 popsize 201
380000 417.0 popsize 201
390000 417.0 popsize 201
400000 417.0 popsize 201
410000 417.0 popsize 201
420000 417.0 popsize 201
430000 417.0 popsize 201
440000 417.0 popsize 201
450000 417.0 popsize 201
460000 417.0 popsize 201
470000 417.0 popsize 201
480000 417.0 popsize 201
490000 417.0 popsize 201
500000 417.0 popsize 201
510000 417.0 popsize 201
520000 417.0 popsize 201
530000 417.0 popsize 201
540000 419.0 popsize 201
550000 424.0 popsize 201
560000 424.0 popsize 201
570000 424.0 popsize 201
580000 424.0 popsize 201
590000 424.0 popsize 201
600000 424.0 popsize 201
610000 424.0 popsize 201
620000 424.0 popsize 201
630000 424.0 popsize 201
640000 424.0 popsize 201
650000 424.0 popsize 201
660000 424.0 popsize 201
670000 424.0 popsize 201
680000 424.0 popsize 201
690000 424.0 popsize 201
700000 424.0 popsize 201
710000 424.0 popsize 201
720000 424.0 popsize 201
730000 424.0 popsize 201
740000 424.0 popsize 201
750000 424.0 popsize 201
760000 424.0 popsize 201
770000 424.0 popsize 201
780000 424.0 popsize 201
790000 424.0 popsize 201
800000 424.0 popsize 201
810000 424.0 popsize 201
820000 424.0 popsize 201
830000 424.0 popsize 201
840000 424.0 popsize 201
850000 424.0 popsize 201
860000 424.0 popsize 201
870000 424.0 popsize 201
880000 424.0 popsize 201
890000 424.0 popsize 201
900000 424.0 popsize 201
910000 424.0 popsize 201
920000 424.0 popsize 201
930000 424.0 popsize 201
940000 424.0 popsize 201
950000 424.0 popsize 201
960000 424.0 popsize 201
970000 424.0 popsize 201
980000 424.0 popsize 201
990000 424.0 popsize 201
1000000 424.0 popsize 201
1010000 424.0 popsize 201
1020000 424.0 popsize 201
1030000 424.0 popsize 201
1040000 424.0 popsize 201
1050000 424.0 popsize 201
1060000 424.0 popsize 201
1070000 424.0 popsize 201
1080000 424.0 popsize 201
1090000 424.0 popsize 201
1100000 424.0 popsize 201
1110000 424.0 popsize 201
1120000 424.0 popsize 201
1130000 424.0 popsize 201
1140000 424.0 popsize 201
1150000 424.0 popsize 201
1160000 424.0 popsize 201
1170000 424.0 popsize 201
1180000 424.0 popsize 201
1190000 424.0 popsize 201
1200000 424.0 popsize 201
595
[ 75  74  69  66  61  72  63  66  63  74  73  61  76  77  80  60  51  59
  72  69  66  57  73  63  65  60  62  78  54  74  63  73  64  62  69  66
  72  69  74  60  62  68  67  67  70  72  63  69  72  70  63 103 127 112
 109 110 122 118 116 112 123 108 114 113 113 116 122 106  78  84  84  91
  88  91  82  89  92 100  91  92  93  80 100  84  87 102  93  95  95  93
 103 100  89 117  94 104 108  94  98  99 112  93 117 104 120 118 113 117
 128 125 126 126 131 120 118 114 117 103 117 119 106 112  99 101  99 104
 120 107 103 111 110 117 102 103 106 102  87  76  89  99  79  87  85  89
  87  88  98  99  93  99  97 100  78 111  94  97  94  95  89  96  84  82
  99 101  91  88  84  95 101  86  96  94  95 110  98 107  94  94  99 105
  94  96  97  87 110  90  92 114 106 113  97 113 129 124 121 111 114 117
 116 117 104 126 131 113  72  73  75  83  82  85  67  78  61  77  74  82
  85  74  86  79  76 102 116  97 114 102  96 112 108  93 106 114  91 111
 114  99 107  96  65  73  67  65  68  70  67  68  67  73  71  76  62  75
  80  68  70 104  87  93  94  91 111  95  87 109 108 105 111  95  98 103
  94 111 112 105 112 103 112 120 116 109 111 111 130 106 110 108 117 118
 118 100  88  94 112  94 105 114  95 108 108 101 110  98  93 102 103 108
 120 120 116 133 108 118 121 103 124 102 105 121 117 129 115 111 114 108
  94  98  82 108 102 105  95  98  95 100  94 102  96 101 104  99  76  75
  87  73  64  76  82  69  67  70  76  65  70  67  66  57  73  90  97  87
  93  91  91  83  93  91  85  92  90  96  84  88  78  94 104 107 113 131
 109 103 102 112 122 109 114 104 101 114 115 119 118  96  98 104 114 104
 100 110 106 102  98 111 108 111 108 114  99 108  91  96  80  77  91  93
  79  99  86 101  88  96  95  86  85  91  89 118 107 108 112 107 105 105
 102 112 112 113 107  97 112 103  96  96 109 109 107  94 101  95 103  96
 106 109 103 111 105  91  97 104 114  97 102  91  99  96 104 101  95 111
 103 102  96 105 103 104  96 103  75  76  54  65  68  83  78  74  82  73
  74  87  82  77  63  70  75  67  63  63  58  68  72  58  67  58  57  59
  66  63  64  62  61  67 111 108 114 109 120 114 100  96 118  97 111 108
  98 100 112 123 103 133 133 127 120 124 118 121 129 121 116 122 121 130
 126 113 123 120  78  75  89  89  77  88  82  81  85  81  80  83  76  71
  94  67  84  96 109  96 111 102  98 107  99 104  88  98  94  87  90 102
 107  80  80  81  84  87  76  85  89  75  76  80  88  83  74  73  75  75
  69]
500
405.36638655462184 500 594.6336134453782
10000 405.0 popsize 201
20000 416.0 popsize 201
30000 416.0 popsize 201
40000 421.0 popsize 201
50000 421.0 popsize 201
60000 421.0 popsize 201
70000 421.0 popsize 201
80000 421.0 popsize 201
90000 421.0 popsize 201
100000 421.0 popsize 201
110000 421.0 popsize 201
120000 421.0 popsize 201
130000 421.0 popsize 201
140000 421.0 popsize 201
150000 421.0 popsize 201
160000 421.0 popsize 201
170000 421.0 popsize 201
180000 421.0 popsize 201
190000 421.0 popsize 201
200000 421.0 popsize 201
210000 421.0 popsize 201
220000 421.0 popsize 201
230000 421.0 popsize 201
240000 421.0 popsize 201
250000 421.0 popsize 201
260000 421.0 popsize 201
270000 421.0 popsize 201
280000 421.0 popsize 201
290000 421.0 popsize 201
300000 421.0 popsize 201
310000 421.0 popsize 201
320000 421.0 popsize 201
330000 421.0 popsize 201
340000 421.0 popsize 201
350000 421.0 popsize 201
360000 421.0 popsize 201
370000 421.0 popsize 201
380000 421.0 popsize 201
390000 421.0 popsize 201
400000 421.0 popsize 201
410000 421.0 popsize 201
420000 421.0 popsize 201
430000 421.0 popsize 201
440000 421.0 popsize 201
450000 421.0 popsize 201
460000 421.0 popsize 201
470000 421.0 popsize 201
480000 421.0 popsize 201
490000 421.0 popsize 201
500000 421.0 popsize 201
510000 421.0 popsize 201
520000 421.0 popsize 201
530000 421.0 popsize 201
540000 421.0 popsize 201
550000 421.0 popsize 201
560000 421.0 popsize 201
570000 421.0 popsize 201
580000 421.0 popsize 201
590000 421.0 popsize 201
600000 421.0 popsize 201
610000 421.0 popsize 201
620000 421.0 popsize 201
630000 421.0 popsize 201
640000 421.0 popsize 201
650000 421.0 popsize 201
660000 421.0 popsize 201
670000 421.0 popsize 201
680000 421.0 popsize 201
690000 421.0 popsize 201
700000 421.0 popsize 201
710000 421.0 popsize 201
720000 421.0 popsize 201
730000 421.0 popsize 201
740000 421.0 popsize 201
750000 421.0 popsize 201
760000 421.0 popsize 201
770000 421.0 popsize 201
780000 421.0 popsize 201
790000 421.0 popsize 201
800000 421.0 popsize 201
810000 421.0 popsize 201
820000 421.0 popsize 201
830000 421.0 popsize 201
840000 421.0 popsize 201
850000 421.0 popsize 201
860000 421.0 popsize 201
870000 421.0 popsize 201
880000 421.0 popsize 201
890000 421.0 popsize 201
900000 421.0 popsize 201
910000 421.0 popsize 201
920000 421.0 popsize 201
930000 421.0 popsize 201
940000 421.0 popsize 201
950000 421.0 popsize 201
960000 421.0 popsize 201
970000 421.0 popsize 201
980000 421.0 popsize 201
990000 421.0 popsize 201
1000000 421.0 popsize 201
1010000 421.0 popsize 201
1020000 421.0 popsize 201
1030000 421.0 popsize 201
1040000 421.0 popsize 201
1050000 421.0 popsize 201
1060000 421.0 popsize 201
1070000 421.0 popsize 201
1080000 421.0 popsize 201
1090000 421.0 popsize 201
1100000 421.0 popsize 201
1110000 421.0 popsize 201
1120000 421.0 popsize 201
1130000 421.0 popsize 201
1140000 421.0 popsize 201
1150000 421.0 popsize 201
1160000 421.0 popsize 201
1170000 421.0 popsize 201
1180000 421.0 popsize 201
1190000 421.0 popsize 201
1200000 421.0 popsize 201
595
[ 75  74  69  66  61  72  63  66  63  74  73  61  76  77  80  60  51  59
  72  69  66  57  73  63  65  60  62  78  54  74  63  73  64  62  69  66
  72  69  74  60  62  68  67  67  70  72  63  69  72  70  63 103 127 112
 109 110 122 118 116 112 123 108 114 113 113 116 122 106  78  84  84  91
  88  91  82  89  92 100  91  92  93  80 100  84  87 102  93  95  95  93
 103 100  89 117  94 104 108  94  98  99 112  93 117 104 120 118 113 117
 128 125 126 126 131 120 118 114 117 103 117 119 106 112  99 101  99 104
 120 107 103 111 110 117 102 103 106 102  87  76  89  99  79  87  85  89
  87  88  98  99  93  99  97 100  78 111  94  97  94  95  89  96  84  82
  99 101  91  88  84  95 101  86  96  94  95 110  98 107  94  94  99 105
  94  96  97  87 110  90  92 114 106 113  97 113 129 124 121 111 114 117
 116 117 104 126 131 113  72  73  75  83  82  85  67  78  61  77  74  82
  85  74  86  79  76 102 116  97 114 102  96 112 108  93 106 114  91 111
 114  99 107  96  65  73  67  65  68  70  67  68  67  73  71  76  62  75
  80  68  70 104  87  93  94  91 111  95  87 109 108 105 111  95  98 103
  94 111 112 105 112 103 112 120 116 109 111 111 130 106 110 108 117 118
 118 100  88  94 112  94 105 114  95 108 108 101 110  98  93 102 103 108
 120 120 116 133 108 118 121 103 124 102 105 121 117 129 115 111 114 108
  94  98  82 108 102 105  95  98  95 100  94 102  96 101 104  99  76  75
  87  73  64  76  82  69  67  70  76  65  70  67  66  57  73  90  97  87
  93  91  91  83  93  91  85  92  90  96  84  88  78  94 104 107 113 131
 109 103 102 112 122 109 114 104 101 114 115 119 118  96  98 104 114 104
 100 110 106 102  98 111 108 111 108 114  99 108  91  96  80  77  91  93
  79  99  86 101  88  96  95  86  85  91  89 118 107 108 112 107 105 105
 102 112 112 113 107  97 112 103  96  96 109 109 107  94 101  95 103  96
 106 109 103 111 105  91  97 104 114  97 102  91  99  96 104 101  95 111
 103 102  96 105 103 104  96 103  75  76  54  65  68  83  78  74  82  73
  74  87  82  77  63  70  75  67  63  63  58  68  72  58  67  58  57  59
  66  63  64  62  61  67 111 108 114 109 120 114 100  96 118  97 111 108
  98 100 112 123 103 133 133 127 120 124 118 121 129 121 116 122 121 130
 126 113 123 120  78  75  89  89  77  88  82  81  85  81  80  83  76  71
  94  67  84  96 109  96 111 102  98 107  99 104  88  98  94  87  90 102
 107  80  80  81  84  87  76  85  89  75  76  80  88  83  74  73  75  75
  69]
500
405.36638655462184 500 594.6336134453782
10000 402.0 popsize 201
20000 410.0 popsize 201
30000 410.0 popsize 201
40000 413.0 popsize 201
50000 413.0 popsize 201
60000 413.0 popsize 201
70000 413.0 popsize 201
80000 412.0 popsize 201
90000 412.0 popsize 201
100000 413.0 popsize 201
110000 413.0 popsize 201
120000 413.0 popsize 201
130000 413.0 popsize 201
140000 413.0 popsize 201
150000 413.0 popsize 201
160000 413.0 popsize 201
170000 413.0 popsize 201
180000 413.0 popsize 201
190000 413.0 popsize 201
200000 413.0 popsize 201
210000 413.0 popsize 201
220000 413.0 popsize 201
230000 413.0 popsize 201
240000 413.0 popsize 201
250000 413.0 popsize 201
260000 413.0 popsize 201
270000 413.0 popsize 201
280000 413.0 popsize 201
290000 413.0 popsize 201
300000 413.0 popsize 201
310000 413.0 popsize 201
320000 413.0 popsize 201
330000 413.0 popsize 201
340000 413.0 popsize 201
350000 413.0 popsize 201
360000 413.0 popsize 201
370000 414.0 popsize 201
380000 414.0 popsize 201
390000 414.0 popsize 201
400000 414.0 popsize 201
410000 414.0 popsize 201
420000 414.0 popsize 201
430000 414.0 popsize 201
440000 414.0 popsize 201
450000 414.0 popsize 201
460000 414.0 popsize 201
470000 414.0 popsize 201
480000 414.0 popsize 201
490000 414.0 popsize 201
500000 414.0 popsize 201
510000 414.0 popsize 201
520000 414.0 popsize 201
530000 414.0 popsize 201
540000 414.0 popsize 201
550000 414.0 popsize 201
560000 414.0 popsize 201
570000 414.0 popsize 201
580000 415.0 popsize 201
590000 415.0 popsize 201
600000 415.0 popsize 201
610000 415.0 popsize 201
620000 415.0 popsize 201
630000 415.0 popsize 201
640000 415.0 popsize 201
650000 415.0 popsize 201
660000 415.0 popsize 201
670000 415.0 popsize 201
680000 415.0 popsize 201
690000 417.0 popsize 201
700000 417.0 popsize 201
710000 417.0 popsize 201
720000 417.0 popsize 201
730000 417.0 popsize 201
740000 417.0 popsize 201
750000 417.0 popsize 201
760000 417.0 popsize 201
770000 417.0 popsize 201
780000 417.0 popsize 201
790000 417.0 popsize 201
800000 417.0 popsize 201
810000 417.0 popsize 201
820000 417.0 popsize 201
830000 417.0 popsize 201
840000 417.0 popsize 201
850000 417.0 popsize 201
860000 417.0 popsize 201
870000 417.0 popsize 201
880000 417.0 popsize 201
890000 417.0 popsize 201
900000 417.0 popsize 201
910000 417.0 popsize 201
920000 417.0 popsize 201
930000 417.0 popsize 201
940000 417.0 popsize 201
950000 417.0 popsize 201
960000 417.0 popsize 201
970000 417.0 popsize 201
980000 417.0 popsize 201
990000 417.0 popsize 201
1000000 417.0 popsize 201
1010000 417.0 popsize 201
1020000 417.0 popsize 201
1030000 417.0 popsize 201
1040000 417.0 popsize 201
1050000 417.0 popsize 201
1060000 417.0 popsize 201
1070000 417.0 popsize 201
1080000 417.0 popsize 201
1090000 417.0 popsize 201
1100000 417.0 popsize 201
1110000 417.0 popsize 201
1120000 417.0 popsize 201
1130000 417.0 popsize 201
1140000 417.0 popsize 201
1150000 417.0 popsize 201
1160000 417.0 popsize 201
1170000 417.0 popsize 201
1180000 417.0 popsize 201
1190000 417.0 popsize 201
1200000 417.0 popsize 201

Process finished with exit code 0
