10000
400.0
20000
407.0
30000
415.0
40000
423.0
50000
423.0
60000
423.0
70000
423.0
80000
423.0
10000
407.0
20000
412.0
30000
412.0
40000
412.0
50000
412.0
60000
413.0
70000
413.0
80000
413.0
90000
415.0
100000
415.0
110000
415.0
120000
415.0
130000
415.0
10000
402.0
20000
408.0
30000
409.0
40000
412.0
50000
424.0
60000
424.0
70000
424.0
80000
424.0
90000
424.0
100000
424.0
110000
424.0
120000
424.0
130000
424.0
140000
424.0
150000
424.0
160000
424.0
170000
424.0
180000
424.0
190000
424.0
200000
424.0
210000
424.0
220000
424.0
230000
424.0
240000
424.0
250000
424.0
260000
424.0
270000
424.0
280000
424.0
290000
424.0
300000
424.0
310000
424.0
320000
424.0
330000
424.0
340000
424.0
350000
424.0
360000
424.0
370000
424.0
380000
424.0
390000
424.0
400000
424.0
10000
398.0
20000
405.0
30000
409.0
40000
411.0
50000
412.0
60000
412.0
70000
412.0
80000
412.0
90000
412.0
100000
412.0
110000
412.0
120000
412.0
130000
412.0
140000
412.0
150000
412.0
160000
412.0
170000
412.0
180000
413.0
190000
413.0
200000
415.0
210000
415.0
220000
415.0
230000
415.0
240000
415.0
250000
415.0
260000
415.0
270000
415.0
280000
416.0
290000
416.0
300000
416.0
310000
416.0
320000
416.0
330000
416.0
340000
416.0
350000
416.0
360000
416.0
370000
416.0
380000
416.0
390000
416.0
400000
416.0
10000
401.0
20000
406.0
30000
410.0
40000
412.0
50000
422.0
60000
422.0
70000
422.0
80000
422.0
90000
422.0
100000
422.0
110000
422.0
120000
421.0
130000
421.0
140000
421.0
150000
421.0
160000
421.0
170000
421.0
180000
421.0
190000
421.0
200000
422.0
210000
422.0
220000
422.0
230000
422.0
240000
422.0
250000
422.0
260000
422.0
270000
422.0
280000
422.0
290000
422.0
300000
422.0
310000
422.0
320000
422.0
330000
422.0
340000
422.0
350000
422.0
360000
422.0
370000
422.0
380000
422.0
390000
422.0
400000
422.0
10000
405.0
20000
407.0
30000
408.0
40000
409.0
50000
409.0
60000
411.0
70000
411.0
80000
413.0
90000
411.0
100000
414.0
110000
416.0
120000
416.0
130000
416.0
140000
416.0
150000
416.0
160000
417.0
170000
417.0
180000
417.0
190000
417.0
200000
419.0
210000
419.0
220000
419.0
230000
419.0
240000
419.0
250000
419.0
260000
419.0
270000
419.0
280000
419.0
290000
419.0
300000
419.0
310000
419.0
320000
419.0
330000
419.0
340000
419.0
350000
419.0
360000
419.0
370000
419.0
380000
419.0
390000
419.0
400000
419.0
10000
406.0
20000
409.0
30000
414.0
40000
414.0
50000
419.0
60000
419.0
70000
419.0
80000
419.0
90000
419.0
100000
419.0
110000
419.0
120000
419.0
130000
419.0
140000
420.0
150000
420.0
160000
420.0
170000
420.0
180000
420.0
190000
420.0
200000
420.0
210000
421.0
220000
421.0
230000
421.0
240000
421.0
250000
421.0
260000
421.0
270000
421.0
280000
421.0
290000
423.0
300000
423.0
310000
423.0
320000
423.0
330000
423.0
340000
423.0
350000
423.0
360000
423.0
370000
423.0
380000
423.0
390000
423.0
400000
423.0
10000
407.0
20000
408.0
30000
410.0
40000
415.0
50000
415.0
60000
415.0
70000
415.0
80000
415.0
90000
415.0
100000
415.0
110000
418.0
120000
418.0
130000
418.0
140000
418.0
150000
418.0
160000
418.0
170000
418.0
180000
418.0
190000
418.0
200000
418.0
210000
418.0
220000
418.0
230000
418.0
240000
418.0
250000
418.0
260000
418.0
270000
418.0
280000
418.0
290000
418.0
300000
418.0
310000
418.0
320000
418.0
330000
418.0
340000
418.0
350000
418.0
360000
418.0
370000
418.0
380000
418.0
390000
418.0
400000
418.0
10000
398.0
20000
417.0
30000
417.0
40000
417.0
50000
417.0
60000
417.0
70000
417.0
80000
417.0
90000
417.0
100000
419.0
110000
419.0
120000
419.0
130000
419.0
140000
419.0
150000
419.0
160000
419.0
170000
419.0
180000
419.0
190000
419.0
200000
419.0
210000
420.0
220000
419.0
230000
420.0
240000
420.0
250000
421.0
260000
421.0
270000
421.0
280000
421.0
290000
421.0
300000
421.0
310000
421.0
320000
421.0
330000
421.0
340000
421.0
350000
421.0
360000
421.0
370000
421.0
380000
421.0
390000
421.0
400000
421.0
10000
405.0
20000
409.0
30000
417.0
40000
417.0
50000
417.0
60000
421.0
70000
421.0
80000
421.0
90000
421.0
100000
421.0
110000
421.0
120000
423.0
130000
423.0
140000
423.0
150000
423.0
160000
423.0
170000
423.0
180000
423.0
190000
423.0
200000
423.0
210000
423.0
220000
423.0
230000
423.0
240000
423.0
250000
423.0
260000
423.0
270000
423.0
280000
423.0
290000
423.0
300000
423.0
310000
423.0
320000
423.0
330000
423.0
340000
423.0
350000
423.0
360000
423.0
370000
423.0
380000
423.0
390000
423.0
400000
423.0
10000
402.0
20000
409.0
30000
412.0
40000
410.0
50000
412.0
60000
416.0
70000
413.0
80000
413.0
90000
413.0
100000
415.0
110000
416.0
120000
416.0
130000
417.0
140000
417.0
150000
417.0
160000
417.0
170000
417.0
180000
417.0
190000
417.0
200000
417.0
210000
417.0
220000
417.0
230000
417.0
240000
417.0
250000
417.0
260000
417.0
270000
417.0
280000
417.0
290000
424.0
300000
424.0
310000
424.0
320000
424.0
330000
424.0
340000
424.0
350000
424.0
360000
424.0
370000
424.0
380000
424.0
390000
424.0
400000
424.0
10000
403.0
20000
415.0
30000
418.0
40000
418.0
50000
420.0
60000
420.0
70000
420.0
80000
420.0
90000
420.0
100000
420.0
110000
420.0
120000
420.0
130000
421.0
140000
421.0
150000
421.0
160000
421.0
170000
421.0
180000
421.0
190000
421.0
200000
421.0
210000
421.0
220000
421.0
230000
421.0
240000
421.0
250000
421.0
260000
421.0
270000
421.0
280000
421.0
290000
421.0
300000
421.0
310000
421.0
320000
421.0
330000
421.0
340000
421.0
350000
421.0
360000
421.0
370000
421.0
380000
421.0
390000
421.0
400000
421.0
