10000
403.0
20000
404.0
30000
416.0
40000
423.0
50000
423.0
60000
423.0
70000
423.0
80000
423.0
90000
423.0
100000
423.0
110000
423.0
120000
423.0
130000
423.0
140000
423.0
150000
423.0
160000
423.0
170000
423.0
180000
423.0
190000
423.0
200000
423.0
210000
423.0
220000
423.0
230000
423.0
240000
423.0
250000
423.0
260000
423.0
270000
423.0
280000
423.0
290000
423.0
300000
423.0
310000
423.0
320000
423.0
330000
423.0
340000
423.0
350000
423.0
360000
423.0
370000
423.0
380000
423.0
390000
423.0
400000
423.0
410000
423.0
420000
423.0
430000
423.0
440000
423.0
450000
423.0
460000
423.0
470000
423.0
480000
423.0
490000
423.0
500000
423.0
510000
423.0
520000
423.0
530000
423.0
540000
423.0
550000
423.0
560000
423.0
570000
423.0
580000
423.0
590000
423.0
600000
423.0
610000
423.0
620000
423.0
630000
423.0
640000
423.0
650000
423.0
660000
423.0
670000
423.0
680000
423.0
690000
423.0
700000
423.0
710000
423.0
720000
423.0
730000
423.0
740000
423.0
750000
423.0
760000
423.0
770000
423.0
780000
423.0
790000
423.0
800000
423.0
810000
423.0
820000
423.0
830000
423.0
840000
423.0
850000
423.0
860000
423.0
870000
423.0
880000
423.0
890000
423.0
900000
423.0
910000
423.0
920000
423.0
930000
423.0
940000
423.0
950000
423.0
960000
423.0
970000
423.0
980000
423.0
990000
423.0
1000000
423.0
1010000
423.0
1020000
423.0
1030000
423.0
1040000
423.0
1050000
423.0
1060000
423.0
1070000
423.0
1080000
423.0
1090000
423.0
1100000
423.0
1110000
423.0
1120000
423.0
1130000
423.0
1140000
423.0
1150000
423.0
1160000
423.0
1170000
423.0
1180000
423.0
1190000
423.0
1200000
423.0
10000
402.0
20000
410.0
30000
410.0
40000
414.0
50000
414.0
60000
414.0
70000
415.0
80000
415.0
90000
416.0
100000
416.0
110000
416.0
120000
416.0
130000
416.0
140000
416.0
150000
416.0
160000
416.0
170000
416.0
180000
416.0
190000
416.0
200000
416.0
210000
416.0
220000
416.0
230000
416.0
240000
416.0
250000
416.0
260000
416.0
270000
416.0
280000
416.0
290000
416.0
300000
416.0
310000
416.0
320000
416.0
330000
416.0
340000
416.0
350000
416.0
360000
416.0
370000
416.0
380000
416.0
390000
416.0
400000
416.0
410000
416.0
420000
416.0
430000
417.0
440000
417.0
450000
417.0
460000
417.0
470000
417.0
480000
417.0
490000
417.0
500000
417.0
510000
417.0
520000
417.0
530000
417.0
540000
417.0
550000
417.0
560000
417.0
570000
417.0
580000
417.0
590000
417.0
600000
417.0
610000
417.0
620000
418.0
630000
418.0
640000
418.0
650000
419.0
660000
419.0
670000
419.0
680000
419.0
690000
419.0
700000
419.0
710000
419.0
720000
419.0
730000
419.0
740000
419.0
750000
419.0
760000
419.0
770000
419.0
780000
419.0
790000
419.0
800000
419.0
810000
419.0
820000
419.0
830000
419.0
840000
419.0
850000
419.0
860000
419.0
870000
419.0
880000
419.0
890000
419.0
900000
419.0
910000
419.0
920000
419.0
930000
419.0
940000
419.0
950000
419.0
960000
419.0
970000
419.0
980000
419.0
990000
419.0
1000000
419.0
1010000
419.0
1020000
419.0
1030000
419.0
1040000
419.0
1050000
419.0
1060000
419.0
1070000
419.0
1080000
419.0
1090000
419.0
1100000
419.0
1110000
419.0
1120000
419.0
1130000
419.0
1140000
419.0
1150000
419.0
1160000
419.0
1170000
419.0
1180000
419.0
1190000
419.0
1200000
419.0
10000
409.0
20000
416.0
30000
416.0
40000
419.0
50000
419.0
60000
417.0
70000
417.0
80000
417.0
90000
417.0
100000
417.0
110000
417.0
120000
417.0
130000
417.0
140000
417.0
150000
417.0
160000
417.0
170000
417.0
180000
417.0
190000
417.0
200000
417.0
210000
417.0
220000
417.0
230000
417.0
240000
417.0
250000
417.0
260000
417.0
270000
418.0
280000
418.0
290000
418.0
300000
418.0
310000
418.0
320000
418.0
330000
418.0
340000
418.0
350000
418.0
360000
418.0
370000
418.0
380000
418.0
390000
418.0
400000
418.0
410000
418.0
420000
418.0
430000
418.0
440000
418.0
450000
418.0
460000
418.0
470000
418.0
480000
418.0
490000
418.0
500000
418.0
510000
418.0
520000
418.0
530000
418.0
540000
418.0
550000
418.0
560000
419.0
570000
419.0
580000
419.0
590000
419.0
600000
419.0
610000
419.0
620000
419.0
630000
419.0
640000
419.0
650000
419.0
660000
419.0
670000
419.0
680000
419.0
690000
419.0
700000
419.0
710000
419.0
720000
419.0
730000
419.0
740000
419.0
750000
419.0
760000
419.0
770000
419.0
780000
419.0
790000
419.0
800000
419.0
810000
419.0
820000
419.0
830000
419.0
840000
419.0
850000
419.0
860000
419.0
870000
419.0
880000
419.0
890000
419.0
900000
419.0
910000
419.0
920000
419.0
930000
419.0
940000
419.0
950000
419.0
960000
419.0
970000
419.0
980000
419.0
990000
419.0
1000000
419.0
1010000
419.0
1020000
419.0
1030000
419.0
1040000
419.0
1050000
419.0
1060000
419.0
1070000
419.0
1080000
419.0
1090000
419.0
1100000
419.0
1110000
419.0
1120000
419.0
1130000
419.0
1140000
419.0
1150000
419.0
1160000
419.0
1170000
419.0
1180000
419.0
1190000
419.0
1200000
419.0
10000
402.0
20000
412.0
30000
417.0
40000
417.0
50000
417.0
60000
420.0
70000
420.0
80000
420.0
90000
424.0
100000
424.0
110000
424.0
120000
424.0
130000
424.0
140000
424.0
150000
424.0
160000
424.0
170000
424.0
180000
424.0
190000
424.0
200000
424.0
210000
424.0
220000
424.0
230000
424.0
240000
424.0
250000
424.0
260000
424.0
270000
424.0
280000
424.0
290000
424.0
300000
424.0
310000
424.0
320000
424.0
330000
424.0
340000
424.0
350000
424.0
360000
424.0
370000
424.0
380000
424.0
390000
424.0
400000
424.0
410000
424.0
420000
424.0
430000
424.0
440000
424.0
450000
424.0
460000
424.0
470000
424.0
480000
424.0
490000
424.0
500000
424.0
510000
424.0
520000
424.0
530000
424.0
540000
424.0
550000
424.0
560000
424.0
570000
424.0
580000
424.0
590000
424.0
600000
424.0
610000
424.0
620000
424.0
630000
424.0
640000
424.0
650000
424.0
660000
424.0
670000
424.0
680000
424.0
690000
424.0
700000
424.0
710000
424.0
720000
424.0
730000
424.0
740000
424.0
750000
424.0
760000
424.0
770000
424.0
780000
424.0
790000
424.0
800000
424.0
810000
424.0
820000
424.0
830000
424.0
840000
424.0
850000
424.0
860000
424.0
870000
424.0
880000
424.0
890000
424.0
900000
424.0
910000
424.0
920000
424.0
930000
424.0
940000
424.0
950000
424.0
960000
424.0
970000
424.0
980000
424.0
990000
424.0
1000000
424.0
1010000
424.0
1020000
424.0
1030000
424.0
1040000
424.0
1050000
424.0
1060000
424.0
1070000
424.0
1080000
424.0
1090000
424.0
1100000
424.0
1110000
424.0
1120000
424.0
1130000
424.0
1140000
424.0
1150000
424.0
1160000
424.0
1170000
424.0
1180000
424.0
1190000
424.0
1200000
424.0
10000
407.0
20000
407.0
30000
406.0
40000
410.0
50000
410.0
60000
413.0
70000
413.0
80000
413.0
90000
416.0
100000
416.0
110000
416.0
120000
416.0
130000
425.0
140000
425.0
150000
425.0
160000
425.0
170000
425.0
180000
425.0
190000
425.0
200000
425.0
210000
425.0
220000
425.0
230000
425.0
240000
425.0
250000
425.0
260000
425.0
270000
425.0
280000
425.0
290000
425.0
300000
425.0
310000
425.0
320000
425.0
330000
425.0
340000
425.0
350000
425.0
360000
425.0
370000
425.0
380000
425.0
390000
425.0
400000
425.0
410000
425.0
420000
425.0
430000
425.0
440000
425.0
450000
425.0
460000
425.0
470000
425.0
480000
425.0
490000
425.0
500000
425.0
510000
425.0
520000
425.0
530000
425.0
540000
425.0
550000
425.0
560000
425.0
570000
425.0
580000
425.0
590000
425.0
600000
425.0
610000
425.0
620000
425.0
630000
425.0
640000
425.0
650000
425.0
660000
425.0
670000
425.0
680000
425.0
690000
425.0
700000
425.0
710000
425.0
720000
425.0
730000
425.0
740000
425.0
750000
425.0
760000
425.0
770000
425.0
780000
425.0
790000
425.0
800000
425.0
810000
425.0
820000
425.0
830000
425.0
840000
425.0
850000
425.0
860000
425.0
870000
425.0
880000
425.0
890000
425.0
900000
425.0
910000
425.0
920000
425.0
930000
425.0
940000
425.0
950000
425.0
960000
425.0
970000
425.0
980000
425.0
990000
425.0
1000000
425.0
1010000
425.0
1020000
425.0
1030000
425.0
1040000
425.0
1050000
425.0
1060000
425.0
1070000
425.0
1080000
425.0
1090000
425.0
1100000
425.0
1110000
425.0
1120000
425.0
1130000
425.0
1140000
425.0
1150000
425.0
1160000
425.0
1170000
425.0
1180000
425.0
1190000
425.0
1200000
425.0
10000
410.0
20000
414.0
30000
414.0
40000
418.0
50000
418.0
60000
418.0
70000
418.0
80000
420.0
90000
420.0
100000
420.0
110000
420.0
120000
421.0
130000
421.0
140000
421.0
150000
421.0
160000
421.0
170000
421.0
180000
421.0
190000
421.0
200000
421.0
210000
423.0
220000
423.0
230000
423.0
240000
423.0
250000
423.0
260000
423.0
270000
423.0
280000
423.0
290000
423.0
300000
423.0
310000
423.0
320000
423.0
330000
423.0
340000
423.0
350000
423.0
360000
423.0
370000
423.0
380000
423.0
390000
423.0
400000
423.0
410000
423.0
420000
423.0
430000
423.0
440000
423.0
450000
423.0
460000
423.0
470000
423.0
480000
423.0
490000
423.0
500000
423.0
510000
423.0
520000
423.0
530000
423.0
540000
423.0
550000
423.0
560000
423.0
570000
423.0
580000
423.0
590000
423.0
600000
423.0
610000
423.0
620000
423.0
630000
423.0
640000
423.0
650000
423.0
660000
423.0
670000
423.0
680000
423.0
690000
423.0
700000
423.0
710000
423.0
720000
423.0
730000
423.0
740000
423.0
750000
423.0
760000
423.0
770000
423.0
780000
423.0
790000
423.0
800000
423.0
810000
423.0
820000
423.0
830000
423.0
840000
423.0
850000
423.0
860000
423.0
870000
423.0
880000
423.0
890000
423.0
900000
423.0
910000
423.0
920000
423.0
930000
423.0
940000
423.0
950000
423.0
960000
423.0
970000
423.0
980000
423.0
990000
423.0
1000000
423.0
1010000
423.0
1020000
423.0
1030000
423.0
1040000
423.0
1050000
423.0
1060000
423.0
1070000
423.0
1080000
423.0
1090000
423.0
1100000
423.0
1110000
423.0
1120000
423.0
1130000
423.0
1140000
423.0
1150000
423.0
1160000
423.0
1170000
423.0
1180000
423.0
1190000
423.0
1200000
423.0
10000
400.0
20000
408.0
30000
415.0
40000
415.0
50000
415.0
60000
415.0
70000
415.0
80000
415.0
90000
416.0
100000
416.0
