10000
1	51	71	204	250	264	395	445	495	524	568	572	576	584						14
1	51	71	205	250	264	395	445	495	524	561						11
1	51	71	205	250	264	395	445	495	524	561	575	584						13
1	17	51	71	204	250	395	445	498	524	543	572	584						13
1	51	71	204	250	264	395	445	495	522	568	584						12
1	51	71	205	250	263	395	445	495	567	584	589						12
1	51	71	204	250	264	395	445	495	524	561						11
1	17	51	71	204	250	395	445	495	524	568	584						12
1	17	51	71	204	250	395	445	495	524	571	584						12
1	51	71	205	250	264	395	445	495	524	561	584						12

1	17	51	71	204	264	395	445	495	524	584						11
1	17	51	71	204	395	409	445	495	508	524	584						12
1	51	71	204	250	264	395	445	495	524	549	561						12
1	51	71	204	250	263	395	445	479	495	524	539	572						13
1	17	51	71	204	250	395	445	493	519	584						11
1	17	51	71	205	250	395	445	480	498	524						11
1	17	51	71	204	264	395	445	495	524	571	589						12
1	51	71	204	250	264	395	445	478	495	524	571	584						13
1	17	51	71	204	250	395	445	495	524	561	584						12
1	17	51	71	205	264	395	445	495	524	539	572						12

1	17	51	71	204	264	395	445	495	522	568	576	584						13
1	17	51	71	204	263	395	445	495	572	584						11
1	17	51	71	205	250	395	445	478	495	509	524	539	571	573	584						16
1	17	51	71	204	264	395	445	495	524	572	584						12
1	51	71	204	236	250	264	395	445	495	524	572	584	593						14
8	17	51	71	204	250	263	395	445	495	567	589						12
1	51	71	204	250	264	395	445	477	495	522	568	584						13
1	51	71	204	236	250	264	395	445	495	524	568	584						13
1	17	51	71	204	264	395	445	495	524	568	584						12
1	17	51	71	204	264	395	445	495	522	568	584						12

1	17	51	71	204	264	395	445	495	524	561	584						12
1	17	51	71	204	250	263	395	479	495	572	584						12
1	17	51	71	205	250	264	395	479	495	524	571	572	584						14
1	17	51	71	204	250	264	395	445	498	524						11
1	17	51	71	204	250	263	395	479	498	571	572	584						13
1	17	51	71	204	264	395	445	486	495	524	572	575	584						14
8	17	51	71	204	250	263	395	445	495	524	567	571	589						14
1	17	51	71	205	250	264	395	445	495	577						11
1	17	51	71	205	250	264	395	445	498	539						11
1	17	51	71	204	250	264	395	445	500	524	574						12

1	17	51	71	205	250	264	395	445	495	509	524	539	572	573						15
1	17	51	71	205	250	264	395	445	495	524	584						12
1	17	51	71	204	250	264	395	445	495	524	571	584						13
1	17	51	71	205	250	264	395	445	495	524						11
1	17	51	71	204	250	264	395	445	495	524	558	572	584	593						15
1	17	51	71	204	250	264	395	445	498	524	572	584						13
1	17	51	71	204	250	264	395	445	495	524	572	593						13
1	17	51	71	205	250	264	395	445	495	524	584	589						13
1	17	51	71	205	250	264	395	445	498	524	584						12
1	17	51	71	204	250	263	395	445	495						10

1	17	51	71	204	250	264	395	445	495	522	568	584						13
1	17	51	71	204	254	264	395	445	495	524	568	584						13
1	17	51	71	204	250	264	395	445	493	522	584						12
1	17	51	71	204	250	264	395	445	495	524	568	576	584						14
1	17	51	71	204	250	264	395	445	493	508	524	561	584						14
1	17	51	71	205	250	264	395	445	495	498	522	558	584						14
1	17	51	71	204	250	264	395	445	495	524	561	584						13
1	17	51	71	204	250	264	395	445	486	498	524	572	584						14
1	17	51	71	205	250	264	395	445	495	524	537	584						13
1	17	51	71	204	250	264	395	445	495	524	556	572	584						14

1	17	51	71	205	250	264	395	445	480	495	524	584						13
1	17	51	71	204	250	264	395	445	495	524	561	568	584						14
1	17	51	71	205	250	264	395	445	478	495	524	539						13
1	17	51	71	204	250	264	395	445	478	495	524	571	584						14
1	17	51	71	204	242	264	395	445	495	524	584						12
1	17	51	71	205	250	264	395	445	495	498	524	539	561						14
1	17	51	71	204	250	264	395	445	475	495	524	584						13
1	17	51	71	205	250	264	395	445	478	495	571	584						13
17	51	71	204	215	250	263	395	414	445	495	567	584						13
1	17	51	71	205	250	264	395	445	476	495	574	584	593						14

1	17	51	71	204	236	250	264	395	445	495	524	584						13
1	17	51	71	205	250	264	395	445	476	495	524	539	584						14
1	17	51	71	205	250	264	352	395	445	495	524	575	584						14
1	17	51	71	205	250	264	395	432	445	495	524						12
1	17	51	71	204	236	250	264	395	445	495	524	572	584						14
1	17	51	71	204	250	264	395	445	476	495	524	572	584	593						15
1	17	51	71	204	250	264	395	445	476	495	524	571	584	593						15
1	17	51	71	204	250	264	395	445	464	495	524	571	572	584	593						16
1	17	51	71	204	236	250	264	395	445	495	524	568	584						14
1	17	51	71	204	250	264	395	409	445	495	524	572						13

1	17	51	71	204	250	264	395	408	445	495	524	572	584						14
1	17	51	71	204	250	264	343	395	445	495	524	571	584						14
1	17	51	71	204	250	264	361	395	445	495	524	571	584						14
1	17	46	51	71	204	250	264	395	445	495	524	568	584						14
1	17	46	51	71	204	250	264	395	445	495	539	573						13
1	17	51	71	205	250	264	395	422	445	495	524	547	574	584						15
1	17	51	71	205	250	264	283	395	445	495	524	584						13
1	17	46	51	71	204	250	264	395	445	495	524	568	573	584						15
1	17	51	71	204	250	264	395	409	445	495	524	539	561	592						15
1	17	51	71	205	250	264	346	395	445	495	524	539	573						14

1	17	51	71	140	204	250	263	395	445	495	524	584						13
1	17	51	71	205	250	264	395	409	445	495	500	524	539	561	584						16
1	17	37	51	71	205	250	264	395	445	498						11
1	17	51	71	204	219	250	264	395	445	495	524	568	584						14
1	17	51	71	204	250	263	264	395	445	495	572	584						13
1	17	51	71	145	204	250	264	395	445	495	524	573	584						14
1	17	34	51	71	205	250	264	395	445	495	524	539						13
1	17	35	51	71	204	250	264	395	445	495	524	571	584						14
1	17	51	71	142	204	250	264	395	445	495	524	584						13
1	17	51	71	204	250	264	361	409	445	495	524	539	561	571						15


[[419. 459.]
 [420. 459.]
 [419. 459.]
 [419. 459.]
 [419. 459.]
 [421. 460.]
 [421. 461.]
 [422. 464.]
 [424. 464.]
 [424. 465.]]
[[420. 469.]
 [422. 469.]
 [422. 469.]
 [424. 470.]
 [425. 471.]
 [425. 471.]
 [427. 473.]
 [429. 476.]
 [430. 478.]
 [429. 479.]]
[[430. 480.]
 [431. 480.]
 [428. 480.]
 [431. 483.]
 [431. 484.]
 [433. 485.]
 [432. 486.]
 [433. 486.]
 [433. 487.]
 [436. 489.]]
[[434. 490.]
 [433. 490.]
 [435. 491.]
 [435. 492.]
 [437. 492.]
 [436. 493.]
 [439. 497.]
 [440. 498.]
 [441. 499.]
 [440. 500.]]
[[444. 501.]
 [443. 501.]
 [445. 503.]
 [446. 503.]
 [446. 504.]
 [448. 506.]
 [449. 507.]
 [448. 507.]
 [448. 507.]
 [450. 510.]]
[[449. 511.]
 [448. 511.]
 [449. 512.]
 [449. 512.]
 [450. 513.]
 [450. 514.]
 [451. 516.]
 [452. 517.]
 [451. 517.]
 [452. 520.]]
[[451. 521.]
 [452. 521.]
 [451. 521.]
 [423. 521.]
 [453. 522.]
 [454. 523.]
 [455. 523.]
 [455. 524.]
 [455. 526.]
 [456. 530.]]
[[453. 532.]
 [455. 532.]
 [455. 532.]
 [455. 532.]
 [458. 533.]
 [458. 534.]
 [459. 535.]
 [461. 536.]
 [459. 537.]
 [461. 539.]]
[[458. 542.]
 [456. 542.]
 [459. 542.]
 [459. 545.]
 [459. 545.]
 [462. 549.]
 [462. 550.]
 [462. 550.]
 [462. 551.]
 [464. 551.]]
[[461. 553.]
 [462. 553.]
 [462. 553.]
 [462. 553.]
 [465. 554.]
 [465. 555.]
 [466. 558.]
 [468. 559.]
 [469. 561.]
 [467. 562.]]
(3, 8)
[441. 499.]

20000
1	17	51	71	205	250	395	445	495	521	558	571	589						13
1	51	71	205	250	264	395	445	495	522	526	539	558	571	589						15
1	51	71	205	250	264	395	445	495	521	558	571						12
1	51	71	205	250	264	395	445	495	521	539	558	571	589						14
1	51	71	205	250	264	395	445	495	522	524	526	558	571	589						15
1	51	71	205	250	264	395	445	495	517	558	571	589						13
1	51	71	205	250	264	344	395	477	524	558	571	589						13
1	51	71	205	250	264	344	395	477	524	558	571	573	589						14
1	51	71	205	250	264	395	445	495	521	524	539	558	571	589						15
1	51	71	205	250	264	395	445	495	521	554	558	571	589						14

1	51	71	205	250	264	395	445	495	521	539	554	558	571	589	592						16
1	51	71	205	250	264	395	445	495	507	521	522	539	558	571	572						16
1	51	71	205	250	264	344	395	477	495	522	524	542	558	571	589						16
1	17	51	71	205	250	344	395	477	495	524	558	571	589						14
1	17	51	71	205	250	344	395	477	495	524	558	571	573	589						15
1	17	51	71	205	250	395	445	495	521	539	558	572						13
1	17	51	71	205	250	344	395	477	495	558	571	589						13
1	51	71	205	250	264	344	395	477	495	524	558	570	571	589						15
1	51	71	205	250	264	344	395	477	495	524	558						12
1	51	71	205	250	264	344	395	477	495	524	558	571						13

1	17	51	71	205	250	344	395	477	495	524	537	558	571	589						15
1	51	71	205	250	264	395	445	477	495	522	526	539	558	571	589						16
1	51	71	205	250	264	395	445	483	495	521	554	558	571	589						15
1	51	71	205	250	264	344	395	477	495	521	524	558	571	572	589						16
1	51	71	205	250	264	395	445	477	495	521	558	571	572	589						15
1	17	51	71	205	250	344	395	477	495	524	535	539	558	571	589						16
1	17	51	71	205	250	395	445	477	495	521	558	571	589						14
1	51	71	205	250	264	344	395	477	495	521	524	558	571	589						15
1	17	51	71	205	250	395	445	477	495	521	524	558	571	589						15
1	51	71	205	250	264	395	445	477	495	521	558	571	589						14

1	17	51	71	205	250	270	395	445	495	524	558	571						13
1	17	51	71	205	250	270	395	445	495	539	558	571	584						14
1	17	51	71	205	250	395	445	477	495	517	524	526	558	589						15
1	17	51	71	205	250	395	445	477	495	521	558	571	572	584						15
1	17	51	71	205	250	264	395	445	495	571						11
1	17	51	71	205	250	264	395	477	495	524	558	571	589						14
1	17	51	71	205	250	395	445	477	495	521	539	558	571	589						15
1	17	51	71	205	264	344	395	477	495	524	558	571	589						14
1	17	51	71	205	250	264	395	477	495	524	558	571	573	589						15
1	17	51	71	205	250	264	395	477	495	522	558	571	589						14

1	17	51	71	205	250	264	395	445	495	524	539	571	589						14
1	17	51	71	205	250	264	409	445	495	558	571	584						13
1	17	51	71	205	250	264	395	445	495	524	589						12
1	17	51	71	205	250	264	395	445	495	522	540	558	571	589						15
1	17	51	71	205	250	264	395	445	495	522	539	558	571						14
1	17	51	71	205	250	264	395	445	495	558	572	589						13
1	17	51	71	205	250	264	395	477	495	521	558	571	589						14
1	17	51	71	205	250	264	395	477	495	521	558	560	571	589						15
1	17	51	71	205	236	250	264	445	495	522	526	539	558	571	589						16
1	17	51	71	205	250	264	395	445	495	524	539	558	571						14

1	17	51	71	205	250	264	395	445	495	522	526	558	571	574	589						16
1	17	51	71	205	250	264	395	445	495	522	526	539	558						14
1	17	51	71	205	250	264	395	445	495	521	558	571	572	589						15
1	17	51	71	205	250	264	395	445	495	522	526	539	558	571						15
1	17	51	71	205	250	264	395	445	495	522	526	539	558	571	589						16
1	17	51	71	205	250	264	395	445	495	521	539	558	571	589						15
1	17	51	71	205	250	264	395	445	495	522	539	558	571	589						15
1	17	51	71	205	250	264	395	445	495	521	558	571	584						14
1	17	51	71	205	250	264	395	445	495	521	539	558	571	584						15
1	17	51	71	205	250	264	395	445	495	521	558	571	589						14

1	17	51	71	205	250	264	395	445	495	520	558	571	584						14
1	17	51	71	205	250	264	395	445	495	521	522	539	558	571	589						16
1	17	51	71	205	250	264	344	395	477	495	524	558	589						14
1	17	51	71	205	250	264	344	395	477	495	524	558	572	589						15
1	17	51	71	205	250	264	344	395	477	495	524	558	571						14
1	17	51	71	205	250	264	344	395	477	495	524	558	571	589						15
1	17	51	71	205	250	264	344	395	477	495	524	571	589						14
1	17	51	71	205	250	264	344	395	477	495	522	558	571	589						15
1	17	51	71	205	250	264	344	395	477	495	522	524	558	571	589						16
1	17	51	71	205	254	264	344	395	477	495	524	558	571	589						15

1	17	51	71	205	250	264	395	445	477	495	522	558	573	584						15
1	17	51	71	205	250	264	395	445	477	495	521	558	571	589						15
1	17	51	71	205	236	250	264	395	445	495	522	539	558	571	589						16
1	17	51	71	205	250	264	344	395	477	495	517	524	558	589						15
1	17	51	71	205	250	264	395	445	477	495	521	539	558	571	589						16
1	17	51	71	205	250	264	344	395	477	495	517	540	558	571	589						16
1	17	51	71	205	250	264	395	445	477	495	521	558	571	584	589						16
1	17	51	71	205	250	264	395	445	477	495	522	526	539	558	571	589						17
1	17	51	71	205	250	264	395	445	477	495	522	558	571	584						15
1	17	51	71	205	250	264	344	395	477	495	517	558	571	589						15

1	17	51	71	205	236	250	264	395	445	495	522	526	539	558	574	584	589						18
1	17	51	71	205	250	264	395	445	477	495	521	522	558	571	573	584	589						18
1	17	51	71	152	205	250	264	395	445	495	522	539	558	571						15
1	17	51	71	205	236	250	264	395	445	495	522	558	571	584	589						16
1	17	51	71	205	250	264	395	409	445	495	522	558	571						14
1	17	51	71	205	250	264	395	409	445	495	522	539	558	571						15
1	17	51	71	205	250	264	395	409	445	495	522	558	571	584						15
1	17	51	71	205	236	250	264	395	445	495	522	539	571	584						15
1	17	51	71	205	237	250	264	395	445	495	524	558	571	589						15
1	17	51	71	205	250	264	395	445	477	495	520	524	558	571	584	589						17

1	17	51	71	174	205	250	264	395	477	495	524	558	589						14
1	17	51	71	205	250	264	344	395	445	477	495	524	558	589						15
1	17	51	71	205	250	264	342	395	477	495	517	524	558	572	573	589						17
1	17	40	51	71	205	250	264	395	445	495	521	542	558	571	589						16
1	17	51	71	205	250	264	395	445	478	495	520	539	561	571	584	589						17
1	17	51	71	205	250	264	395	409	445	495	517	522	526	558						15
1	17	51	71	152	205	250	264	395	445	495	521	522	542	558	571	589						17
1	17	41	51	71	205	250	264	395	445	495	522	558	571						14
1	17	51	71	151	205	250	264	395	445	495	524	539	589						14
1	17	51	71	174	205	250	395	445	477	495	521	558	571	572	584						16


[[425. 459.]
 [424. 459.]
 [426. 460.]
 [425. 460.]
 [427. 462.]
 [428. 463.]
 [427. 463.]
 [428. 465.]
 [429. 465.]
 [429. 467.]]
[[429. 469.]
 [428. 469.]
 [429. 469.]
 [429. 469.]
 [432. 470.]
 [434. 473.]
 [434. 476.]
 [436. 477.]
 [438. 478.]
 [438. 479.]]
[[436. 480.]
 [436. 480.]
 [437. 480.]
 [437. 481.]
 [438. 481.]
 [438. 482.]
 [440. 484.]
 [439. 487.]
 [441. 488.]
 [439. 489.]]
[[442. 490.]
 [439. 490.]
 [440. 490.]
 [441. 492.]
 [442. 493.]
 [442. 494.]
 [445. 496.]
 [443. 496.]
 [444. 497.]
 [443. 500.]]
[[445. 501.]
 [445. 501.]
 [445. 501.]
 [446. 502.]
 [446. 502.]
 [448. 503.]
 [450. 506.]
 [452. 507.]
 [454. 510.]
 [454. 510.]]
[[454. 511.]
 [453. 511.]
 [455. 511.]
 [455. 512.]
 [456. 513.]
 [456. 513.]
 [456. 514.]
 [457. 516.]
 [457. 517.]
 [457. 520.]]
[[457. 521.]
 [458. 521.]
 [459. 522.]
 [460. 523.]
 [460. 523.]
 [462. 524.]
 [462. 524.]
 [463. 527.]
 [464. 529.]
 [463. 530.]]
[[462. 532.]
 [463. 532.]
 [464. 532.]
 [464. 533.]
 [465. 533.]
 [464. 533.]
 [464. 534.]
 [465. 536.]
 [465. 538.]
 [467. 540.]]
[[466. 542.]
 [465. 542.]
 [465. 542.]
 [465. 542.]
 [466. 544.]
 [466. 544.]
 [467. 545.]
 [467. 547.]
 [467. 547.]
 [469. 551.]]
[[465. 553.]
 [467. 553.]
 [469. 555.]
 [466. 555.]
 [469. 555.]
 [469. 558.]
 [470. 559.]
 [470. 559.]
 [471. 560.]
 [472. 560.]]
(3, 1)
[445. 496.]

