10000
402.0
20000
406.0
30000
414.0
40000
416.0
50000
420.0
60000
420.0
70000
420.0
80000
420.0
90000
420.0
100000
422.0
110000
422.0
120000
422.0
130000
422.0
140000
422.0
150000
422.0
160000
422.0
170000
422.0
180000
422.0
190000
422.0
200000
422.0
210000
422.0
220000
422.0
230000
422.0
240000
422.0
250000
422.0
260000
422.0
270000
422.0
280000
422.0
290000
422.0
300000
422.0
310000
422.0
320000
422.0
330000
422.0
340000
422.0
350000
422.0
360000
422.0
370000
422.0
380000
422.0
390000
423.0
400000
423.0
10000
401.0
20000
412.0
30000
412.0
40000
412.0
50000
413.0
60000
413.0
70000
413.0
80000
416.0
90000
416.0
100000
416.0
110000
416.0
120000
416.0
130000
416.0
140000
416.0
150000
416.0
160000
417.0
170000
417.0
180000
417.0
190000
417.0
200000
417.0
210000
417.0
220000
419.0
230000
419.0
240000
419.0
250000
419.0
260000
419.0
270000
419.0
280000
419.0
290000
419.0
300000
419.0
310000
419.0
320000
419.0
330000
419.0
340000
419.0
350000
419.0
360000
419.0
370000
419.0
380000
419.0
390000
419.0
400000
419.0
10000
399.0
20000
410.0
30000
411.0
40000
411.0
50000
411.0
60000
411.0
70000
411.0
80000
411.0
90000
411.0
100000
411.0
110000
411.0
120000
415.0
130000
415.0
140000
415.0
150000
415.0
160000
415.0
170000
415.0
180000
415.0
190000
415.0
200000
415.0
210000
415.0
220000
415.0
230000
415.0
240000
415.0
250000
415.0
260000
415.0
270000
415.0
280000
415.0
290000
415.0
300000
415.0
310000
415.0
320000
415.0
330000
415.0
340000
415.0
350000
415.0
360000
415.0
370000
415.0
380000
415.0
390000
415.0
400000
415.0
10000
397.0
20000
405.0
30000
405.0
40000
415.0
50000
415.0
60000
415.0
70000
415.0
80000
415.0
90000
415.0
100000
415.0
110000
418.0
120000
418.0
130000
418.0
140000
418.0
150000
418.0
160000
418.0
170000
418.0
180000
418.0
190000
418.0
200000
418.0
210000
418.0
220000
418.0
230000
418.0
240000
418.0
250000
418.0
260000
418.0
270000
418.0
280000
418.0
290000
418.0
300000
418.0
310000
418.0
320000
418.0
330000
418.0
340000
418.0
350000
418.0
360000
418.0
370000
418.0
380000
418.0
390000
418.0
400000
418.0
10000
400.0
20000
404.0
30000
415.0
40000
415.0
50000
415.0
60000
418.0
70000
425.0
80000
425.0
90000
425.0
100000
425.0
110000
425.0
120000
425.0
130000
425.0
140000
425.0
150000
425.0
160000
425.0
170000
425.0
180000
425.0
190000
425.0
200000
425.0
210000
425.0
220000
425.0
230000
425.0
240000
425.0
250000
425.0
260000
425.0
270000
425.0
280000
425.0
290000
425.0
300000
425.0
310000
425.0
320000
425.0
330000
425.0
340000
425.0
350000
425.0
360000
425.0
370000
425.0
380000
425.0
390000
425.0
400000
425.0
10000
400.0
20000
402.0
30000
404.0
40000
405.0
50000
414.0
60000
414.0
70000
414.0
80000
414.0
90000
414.0
100000
414.0
110000
414.0
120000
414.0
130000
414.0
140000
414.0
150000
414.0
160000
414.0
170000
414.0
180000
414.0
190000
414.0
200000
414.0
210000
414.0
220000
414.0
230000
414.0
240000
414.0
250000
414.0
260000
414.0
270000
414.0
280000
414.0
290000
414.0
300000
414.0
310000
414.0
320000
414.0
330000
415.0
340000
415.0
350000
415.0
360000
415.0
370000
415.0
380000
415.0
390000
415.0
400000
415.0
10000
399.0
20000
403.0
30000
416.0
40000
416.0
50000
416.0
60000
416.0
70000
416.0
80000
421.0
90000
421.0
100000
421.0
110000
421.0
120000
421.0
130000
421.0
140000
421.0
150000
421.0
160000
421.0
170000
421.0
180000
421.0
190000
421.0
200000
421.0
210000
421.0
220000
421.0
230000
421.0
240000
421.0
250000
421.0
260000
421.0
270000
421.0
280000
421.0
290000
421.0
300000
421.0
310000
421.0
320000
421.0
330000
421.0
340000
421.0
350000
421.0
360000
421.0
370000
421.0
380000
421.0
390000
421.0
400000
421.0
10000
398.0
20000
405.0
30000
410.0
40000
410.0
50000
411.0
60000
411.0
70000
411.0
80000
411.0
90000
411.0
100000
413.0
110000
413.0
120000
413.0
130000
413.0
140000
413.0
150000
413.0
160000
413.0
170000
413.0
180000
413.0
190000
413.0
200000
413.0
210000
414.0
220000
414.0
230000
414.0
240000
414.0
250000
414.0
260000
414.0
270000
414.0
280000
414.0
290000
414.0
300000
414.0
310000
414.0
320000
414.0
330000
414.0
340000
414.0
350000
414.0
360000
414.0
370000
414.0
380000
414.0
390000
414.0
400000
414.0
10000
399.0
20000
404.0
30000
407.0
40000
407.0
50000
411.0
60000
411.0
70000
411.0
80000
411.0
90000
412.0
100000
413.0
110000
415.0
120000
415.0
130000
415.0
140000
417.0
150000
417.0
160000
417.0
170000
417.0
180000
417.0
190000
417.0
200000
417.0
210000
417.0
220000
417.0
230000
421.0
240000
421.0
250000
421.0
260000
421.0
270000
421.0
280000
421.0
290000
421.0
300000
421.0
310000
421.0
320000
421.0
330000
421.0
340000
421.0
350000
421.0
360000
421.0
370000
421.0
380000
421.0
390000
421.0
400000
421.0
10000
402.0
20000
402.0
30000
412.0
40000
412.0
50000
415.0
60000
415.0
70000
415.0
80000
415.0
90000
415.0
100000
418.0
110000
418.0
120000
418.0
130000
418.0
140000
418.0
150000
418.0
160000
418.0
170000
418.0
180000
418.0
190000
418.0
200000
418.0
210000
418.0
220000
418.0
230000
418.0
240000
418.0
250000
419.0
260000
419.0
270000
419.0
280000
419.0
290000
419.0
300000
419.0
310000
419.0
320000
419.0
330000
419.0
340000
419.0
350000
419.0
360000
419.0
370000
419.0
380000
419.0
390000
419.0
400000
419.0
