10000
390.0
20000
400.0
30000
401.0
40000
401.0
50000
401.0
60000
401.0
70000
401.0
80000
402.0
90000
402.0
100000
408.0
110000
408.0
120000
408.0
130000
408.0
140000
408.0
150000
408.0
160000
408.0
170000
408.0
180000
408.0
190000
408.0
200000
408.0
210000
408.0
220000
409.0
230000
409.0
240000
409.0
250000
409.0
260000
409.0
270000
411.0
280000
417.0
290000
419.0
300000
419.0
310000
419.0
320000
419.0
330000
419.0
340000
419.0
350000
419.0
360000
419.0
370000
419.0
380000
419.0
390000
419.0
400000
419.0
10000
386.0
20000
398.0
30000
399.0
40000
399.0
50000
406.0
60000
408.0
70000
408.0
80000
414.0
90000
414.0
100000
414.0
110000
414.0
120000
414.0
130000
414.0
140000
414.0
150000
414.0
160000
414.0
170000
414.0
180000
414.0
190000
414.0
200000
414.0
210000
414.0
220000
414.0
230000
414.0
240000
414.0
250000
414.0
260000
414.0
270000
414.0
280000
414.0
290000
414.0
300000
414.0
310000
414.0
320000
414.0
330000
414.0
340000
414.0
350000
414.0
360000
414.0
370000
414.0
380000
414.0
390000
414.0
400000
414.0
10000
388.0
20000
389.0
30000
396.0
40000
401.0
50000
401.0
60000
402.0
70000
402.0
80000
406.0
90000
408.0
100000
409.0
110000
409.0
120000
409.0
130000
410.0
140000
410.0
150000
410.0
160000
410.0
170000
410.0
180000
412.0
190000
412.0
200000
412.0
210000
412.0
220000
412.0
230000
412.0
240000
415.0
250000
415.0
260000
421.0
270000
422.0
280000
422.0
290000
422.0
300000
422.0
310000
422.0
320000
422.0
330000
422.0
340000
422.0
350000
422.0
360000
422.0
370000
422.0
380000
422.0
390000
422.0
400000
422.0
10000
392.0
20000
396.0
30000
396.0
40000
400.0
50000
403.0
60000
403.0
70000
407.0
80000
407.0
90000
407.0
100000
407.0
110000
407.0
120000
407.0
130000
408.0
140000
409.0
150000
412.0
160000
412.0
170000
412.0
180000
412.0
190000
412.0
200000
412.0
210000
412.0
220000
412.0
230000
412.0
240000
412.0
250000
412.0
260000
412.0
270000
412.0
280000
413.0
290000
413.0
300000
413.0
310000
413.0
320000
413.0
330000
413.0
340000
413.0
350000
413.0
360000
413.0
370000
413.0
380000
413.0
390000
413.0
400000
413.0
10000
395.0
20000
406.0
30000
406.0
40000
406.0
50000
406.0
60000
406.0
70000
406.0
80000
406.0
90000
406.0
100000
407.0
110000
407.0
120000
407.0
130000
407.0
140000
407.0
150000
407.0
160000
407.0
170000
407.0
180000
407.0
190000
407.0
200000
408.0
210000
408.0
220000
408.0
230000
408.0
240000
408.0
250000
408.0
260000
408.0
270000
408.0
280000
408.0
290000
409.0
300000
409.0
310000
409.0
320000
409.0
330000
409.0
340000
409.0
350000
409.0
360000
409.0
370000
409.0
380000
409.0
390000
409.0
400000
409.0
10000
389.0
20000
395.0
30000
396.0
40000
399.0
50000
400.0
60000
401.0
70000
407.0
80000
407.0
90000
407.0
100000
407.0
110000
412.0
120000
412.0
130000
412.0
140000
413.0
150000
413.0
160000
413.0
170000
413.0
180000
413.0
190000
413.0
200000
413.0
210000
413.0
220000
413.0
230000
413.0
240000
413.0
250000
413.0
260000
413.0
270000
413.0
280000
413.0
290000
413.0
300000
413.0
310000
416.0
320000
419.0
330000
419.0
340000
421.0
350000
421.0
360000
421.0
370000
421.0
380000
421.0
390000
421.0
400000
421.0
10000
395.0
20000
395.0
30000
397.0
40000
401.0
50000
401.0
60000
403.0
70000
404.0
80000
409.0
90000
409.0
100000
409.0
110000
409.0
120000
409.0
130000
409.0
140000
409.0
150000
410.0
160000
410.0
170000
413.0
180000
413.0
190000
413.0
200000
413.0
210000
413.0
220000
414.0
230000
414.0
240000
414.0
250000
414.0
260000
414.0
270000
414.0
280000
414.0
290000
415.0
300000
415.0
310000
415.0
320000
415.0
330000
415.0
340000
415.0
350000
415.0
360000
415.0
370000
415.0
380000
415.0
390000
415.0
400000
415.0
10000
394.0
20000
399.0
30000
405.0
40000
405.0
50000
412.0
60000
412.0
70000
412.0
80000
412.0
90000
412.0
100000
412.0
110000
412.0
120000
412.0
130000
412.0
140000
412.0
150000
412.0
160000
412.0
170000
412.0
180000
412.0
190000
412.0
200000
412.0
210000
412.0
220000
412.0
230000
412.0
240000
412.0
250000
412.0
260000
412.0
270000
412.0
280000
412.0
290000
412.0
300000
412.0
310000
412.0
320000
412.0
330000
412.0
340000
412.0
350000
412.0
360000
412.0
370000
412.0
380000
412.0
390000
412.0
400000
412.0
10000
396.0
20000
396.0
30000
402.0
40000
404.0
50000
404.0
60000
404.0
70000
408.0
80000
408.0
90000
411.0
100000
411.0
110000
411.0
120000
411.0
130000
411.0
140000
412.0
150000
412.0
160000
413.0
170000
414.0
180000
414.0
190000
414.0
200000
414.0
210000
414.0
220000
414.0
230000
416.0
240000
416.0
250000
416.0
260000
420.0
270000
420.0
280000
420.0
290000
420.0
300000
420.0
310000
420.0
320000
420.0
330000
420.0
340000
420.0
350000
420.0
360000
420.0
370000
420.0
380000
420.0
390000
420.0
400000
420.0
10000
386.0
20000
395.0
30000
398.0
40000
398.0
50000
402.0
60000
406.0
70000
406.0
80000
406.0
90000
406.0
100000
406.0
110000
406.0
120000
406.0
130000
408.0
140000
408.0
150000
408.0
160000
408.0
170000
408.0
180000
408.0
190000
408.0
200000
408.0
210000
408.0
220000
408.0
230000
413.0
240000
413.0
250000
416.0
260000
416.0
270000
417.0
280000
418.0
290000
418.0
300000
418.0
310000
418.0
320000
418.0
330000
418.0
340000
418.0
350000
418.0
360000
418.0
370000
418.0
380000
418.0
390000
418.0
400000
418.0
