4.242640687119285
4.47213595499958
8.06225774829855
11.40175425099138
11.180339887498949
15.033296378372908
19.235384061671343
21.0
18.110770276274835
20.615528128088304
23.40939982143925
20.12461179749811
21.400934559032695
25.612496949731394
29.0
25.0
20.615528128088304
20.591260281974
21.840329667841555
17.72004514666935
20.0
15.532224567009067
21.18962010041709
18.384776310850235
16.1245154965971
13.341664064126334
13.601470508735444
9.486832980505138
11.313708498984761
7.810249675906654
8.94427190999916
3.605551275463989
7.0
5.0
9.433981132056603
6.708203932499369
12.041594578792296
9.486832980505138
13.0
16.55294535724685
19.313207915827967
14.035668847618199
19.026297590440446
16.492422502470642
14.7648230602334
20.12461179749811
19.1049731745428
24.758836806279895
27.80287754891569
23.600847442411894
19.72308292331602
19.313207915827967
21.587033144922902
4.242640687119285
5.0990195135927845
5.385164807134504
8.0
9.433981132056603
12.165525060596439
16.0
18.24828759089466
15.811388300841896
18.788294228055936
21.95449840010015
19.209372712298546
21.2602916254693
25.495097567963924
29.206163733020468
25.942243542145693
21.470910553583888
22.135943621178654
24.186773244895647
20.09975124224178
23.194827009486403
18.9274932307477
25.079872407968907
22.360679774997898
20.248456731316587
17.08800749063506
17.804493814764857
13.416407864998739
15.556349186104045
12.041594578792296
13.038404810405298
7.810249675906654
10.44030650891055
7.0
11.180339887498949
6.708203932499369
12.529964086141668
8.48528137423857
12.041594578792296
15.620499351813308
18.027756377319946
11.704699910719626
16.1245154965971
13.038404810405298
10.770329614269007
16.15549442140351
14.866068747318506
20.518284528683193
23.600847442411894
19.4164878389476
15.652475842498529
15.524174696260024
18.110770276274835
4.47213595499958
5.0990195135927845
5.0
8.602325267042627
7.0
11.40175425099138
15.811388300841896
17.11724276862369
14.0
16.278820596099706
18.973665961010276
15.652475842498529
17.029386365926403
21.2602916254693
24.758836806279895
21.095023109728988
16.64331697709324
17.08800749063506
19.1049731745428
15.033296378372908
18.439088914585774
14.396180048887969
21.095023109728988
18.601075237738275
16.97056274847714
13.038404810405298
15.0
9.899494936611665
13.416407864998739
9.848857801796104
12.165525060596439
7.0
11.180339887498949
9.433981132056603
13.892443989449804
10.63014581273465
16.278820596099706
13.038404810405298
16.64331697709324
20.248456731316587
22.825424421026653
16.76305461424021
21.213203435596427
18.0
15.297058540778355
20.615528128088304
18.35755975068582
23.853720883753127
26.1725046566048
21.93171219946131
17.69180601295413
16.64331697709324
18.384776310850235
8.06225774829855
5.385164807134504
5.0
3.605551275463989
4.242640687119285
7.0
11.180339887498949
13.038404810405298
10.44030650891055
13.416407864998739
16.64331697709324
14.142135623730951
16.64331697709324
20.808652046684813
24.698178070456937
22.135943621178654
17.72004514666935
19.1049731745428
22.090722034374522
18.24828759089466
22.47220505424423
18.7949461292125
25.80697580112788
23.430749027719962
21.93171219946131
17.804493814764857
20.0
14.866068747318506
18.35755975068582
14.7648230602334
16.76305461424021
11.40175425099138
15.033296378372908
12.165525060596439
16.492422502470642
12.083045973594572
17.88854381999832
13.601470508735444
17.029386365926403
20.518284528683193
22.67156809750927
15.811388300841896
19.313207915827967
15.524174696260024
12.041594578792296
17.029386365926403
13.92838827718412
19.235384061671343
21.2602916254693
17.029386365926403
12.727922061357855
11.661903789690601
13.601470508735444
11.40175425099138
8.0
8.602325267042627
3.605551275463989
5.0
4.47213595499958
8.0
10.44030650891055
8.602325267042627
12.041594578792296
15.556349186104045
13.892443989449804
17.08800749063506
21.02379604162864
25.079872407968907
23.345235059857504
19.1049731745428
21.02379604162864
24.515301344262525
20.8806130178211
25.495097567963924
22.051077071199945
29.206163733020468
26.90724809414742
25.495097567963924
21.2602916254693
23.600847442411894
18.439088914585774
21.95449840010015
18.35755975068582
20.248456731316587
14.866068747318506
18.24828759089466
15.0
19.1049731745428
14.317821063276353
19.924858845171276
15.231546211727817
18.35755975068582
21.633307652783937
23.430749027719962
16.278820596099706
18.867962264113206
14.7648230602334
10.770329614269007
15.132745950421556
11.180339887498949
16.15549442140351
17.804493814764857
13.601470508735444
9.219544457292887
8.06225774829855
10.198039027185569
11.180339887498949
9.433981132056603
7.0
4.242640687119285
5.0
5.0
9.433981132056603
10.198039027185569
7.0
9.486832980505138
12.529964086141668
9.899494936611665
12.529964086141668
16.64331697709324
20.591260281974
18.439088914585774
14.142135623730951
16.0312195418814
19.6468827043885
16.15549442140351
21.095023109728988
18.062391868188442
25.45584412271571
23.430749027719962
22.47220505424423
17.804493814764857
21.02379604162864
15.652475842498529
19.924858845171276
16.492422502470642
19.1049731745428
14.0
18.110770276274835
15.811388300841896
20.248456731316587
16.1245154965971
21.95449840010015
17.804493814764857
21.2602916254693
24.758836806279895
26.90724809414742
20.0
23.259406699226016
19.313207915827967
15.524174696260024
20.09975124224178
16.1245154965971
20.8806130178211
21.95449840010015
17.88854381999832
13.416407864998739
11.40175425099138
12.206555615733702
15.033296378372908
12.165525060596439
11.40175425099138
7.0
4.47213595499958
5.0
4.47213595499958
6.082762530298219
4.242640687119285
7.810249675906654
11.40175425099138
10.44030650891055
14.142135623730951
17.72004514666935
21.840329667841555
21.0
17.11724276862369
19.6468827043885
23.769728648009426
20.591260281974
25.80697580112788
22.983689869122408
30.4138126514911
28.42534080710379
27.459060435491963
22.80350850198276
25.942243542145693
20.591260281974
24.698178070456937
21.18962010041709
23.53720459187964
18.24828759089466
22.02271554554524
19.1049731745428
23.345235059857504
18.681541692269406
24.351591323771842
19.697715603592208
22.825424421026653
26.076809620810597
27.80287754891569
20.615528128088304
22.80350850198276
18.601075237738275
14.422205101855956
18.027756377319946
13.152946437965905
17.11724276862369
17.46424919657298
13.601470508735444
9.219544457292887
6.708203932499369
7.211102550927978
19.235384061671343
16.0
15.811388300841896
11.180339887498949
8.0
9.433981132056603
4.47213595499958
3.605551275463989
5.0990195135927845
8.06225774829855
11.40175425099138
12.041594578792296
16.1245154965971
19.026297590440446
23.08679276123039
23.345235059857504
19.924858845171276
22.847319317591726
27.294688127912362
24.413111231467404
29.832867780352597
27.244265451650556
34.713109915419565
32.802438933713454
31.906112267087632
27.202941017470888
30.4138126514911
25.059928172283335
29.154759474226502
25.632011235952593
27.892651361962706
22.561028345356956
26.1725046566048
23.0
27.073972741361768
22.20360331117452
27.65863337187866
22.80350850198276
25.632011235952593
28.635642126552707
30.01666203960727
22.825424421026653
24.08318915758459
19.849433241279208
15.620499351813308
18.027756377319946
12.529964086141668
15.132745950421556
14.317821063276353
11.0
7.280109889280518
4.123105625617661
2.8284271247461903
21.0
18.24828759089466
17.11724276862369
13.038404810405298
10.44030650891055
10.198039027185569
6.082762530298219
3.605551275463989
3.605551275463989
5.0990195135927845
8.06225774829855
9.486832980505138
13.601470508735444
16.0312195418814
20.0
20.8806130178211
17.88854381999832
21.095023109728988
25.80697580112788
23.345235059857504
29.0
26.911893281595777
34.40930106817051
32.7566787083184
32.202484376209235
27.294688127912362
31.016124838541646
25.632011235952593
30.083217912982647
26.68332812825267
29.274562336608895
24.08318915758459
28.0
25.179356624028344
29.427877939124322
24.73863375370596
30.364452901377952
25.632011235952593
28.635642126552707
31.76476034853718
33.28663395418648
26.076809620810597
27.586228448267445
23.345235059857504
19.1049731745428
21.633307652783937
16.1245154965971
18.439088914585774
17.029386365926403
14.142135623730951
10.770329614269007
7.615773105863909
5.0
18.110770276274835
15.811388300841896
14.0
10.44030650891055
8.602325267042627
7.0
4.242640687119285
5.0990195135927845
3.605551275463989
3.605551275463989
7.211102550927978
7.0
11.045361017187261
14.142135623730951
18.24828759089466
18.24828759089466
14.866068747318506
17.88854381999832
22.47220505424423
19.849433241279208
25.45584412271571
23.30772404161333
30.805843601498726
29.154759474226502
28.635642126552707
23.706539182259394
27.51363298439521
22.135943621178654
26.68332812825267
23.345235059857504
26.076809620810597
21.0
25.079872407968907
22.561028345356956
26.92582403567252
22.47220505424423
28.231188426986208
23.706539182259394
26.92582403567252
30.23243291566195
32.01562118716424
24.839484696748443
27.018512172212592
22.80350850198276
18.601075237738275
21.93171219946131
16.76305461424021
20.024984394500787
19.4164878389476
16.0312195418814
12.041594578792296
9.0
7.615773105863909
20.615528128088304
18.788294228055936
16.278820596099706
13.416407864998739
12.041594578792296
9.486832980505138
7.810249675906654
8.06225774829855
5.0990195135927845
3.605551275463989
3.605551275463989
4.47213595499958
8.54400374531753
11.0
15.033296378372908
15.811388300841896
13.038404810405298
16.401219466856727
21.2602916254693
19.209372712298546
25.0
23.47871376374779
30.886890422961002
29.546573405388315
29.410882339705484
24.351591323771842
28.635642126552707
23.345235059857504
28.160255680657446
25.019992006393608
28.0178514522438
23.194827009486403
27.459060435491963
25.298221281347036
29.732137494637012
25.495097567963924
31.304951684997057
26.92582403567252
30.23243291566195
33.60059523282288
35.4682957019364
28.319604517012593
30.610455730027933
26.40075756488817
22.20360331117452
25.495097567963924
20.248456731316587
23.194827009486403
22.090722034374522
19.026297590440446
15.297058540778355
12.165525060596439
10.04987562112089
23.40939982143925
21.95449840010015
18.973665961010276
16.64331697709324
15.556349186104045
12.529964086141668
11.40175425099138
11.40175425099138
8.06225774829855
7.211102550927978
3.605551275463989
4.123105625617661
7.0710678118654755
8.246211251235321
12.041594578792296
13.892443989449804
12.041594578792296
15.620499351813308
20.615528128088304
19.235384061671343
25.059928172283335
24.19194080680589
31.38470965295043
30.364452901377952
30.59411708155671
25.495097567963924
30.14962686336267
25.019992006393608
30.0
27.073972741361768
30.265491900843113
25.709920264364882
30.083217912982647
28.231188426986208
32.69556544854363
28.653097563788805
34.48187929913333
30.23243291566195
33.60059523282288
37.013511046643494
38.948684188300895
31.827660925679098
34.20526275297414
30.0
25.80697580112788
29.068883707497267
23.769728648009426
26.476404589747453
25.0
22.20360331117452
18.681541692269406
15.524174696260024
13.038404810405298
20.12461179749811
19.209372712298546
15.652475842498529
14.142135623730951
13.892443989449804
9.899494936611665
10.44030650891055
12.041594578792296
9.486832980505138
7.0
4.47213595499958
4.123105625617661
4.123105625617661
7.280109889280518
11.40175425099138
11.40175425099138
8.602325267042627
12.041594578792296
16.97056274847714
15.264337522473747
21.095023109728988
20.081085628023203
27.313000567495326
26.248809496813376
26.476404589747453
21.37755832643195
26.076809620810597
21.0
26.019223662515376
23.194827009486403
26.476404589747453
22.135943621178654
26.570660511172846
25.059928172283335
29.5296461204668
25.80697580112788
31.622776601683793
27.65863337187866
31.144823004794873
34.655446902326915
36.796738985948195
29.832867780352597
32.7566787083184
28.653097563788805
24.596747752497688
28.460498941515414
23.53720459187964
27.018512172212592
26.30589287593181
23.021728866442675
19.026297590440446
16.0
14.317821063276353
21.400934559032695
21.2602916254693
17.029386365926403
16.64331697709324
17.08800749063506
12.529964086141668
14.142135623730951
16.1245154965971
13.601470508735444
11.045361017187261
8.54400374531753
7.0710678118654755
4.123105625617661
4.242640687119285
8.06225774829855
7.280109889280518
5.0
8.602325267042627
13.601470508735444
12.649110640673518
18.384776310850235
18.172781845386247
25.0
24.331050121192877
25.019992006393608
20.0
25.079872407968907
20.396078054371138
25.495097567963924
23.08679276123039
26.570660511172846
22.825424421026653
27.294688127912362
26.40075756488817
30.805843601498726
27.586228448267445
33.301651610693426
29.732137494637012
33.301651610693426
36.87817782917155
39.20459156782532
32.449961479175904
35.77708763999664
31.78049716414141
27.85677655436824
32.01562118716424
27.294688127912362
31.0
30.4138126514911
27.073972741361768
23.0
20.024984394500787
18.439088914585774
25.612496949731394
25.495097567963924
21.2602916254693
20.808652046684813
21.02379604162864
16.64331697709324
17.72004514666935
19.026297590440446
16.0312195418814
14.142135623730951
11.0
8.246211251235321
7.280109889280518
4.242640687119285
4.123105625617661
6.4031242374328485
7.0
10.198039027185569
14.866068747318506
15.033296378372908
20.396078054371138
21.005951537600005
27.294688127912362
27.018512172212592
28.071337695236398
23.194827009486403
28.442925306655784
24.041630560342615
29.120439557122072
26.92582403567252
30.463092423455635
26.92582403567252
31.38470965295043
30.610455730027933
35.0
31.827660925679098
37.53664875824692
33.97057550292606
37.53664875824692
41.10960958218893
43.41658669218482
36.61966684720111
39.824615503479755
35.77708763999664
31.78049716414141
35.73513677041127
30.805843601498726
34.132096331752024
33.06055050963308
30.01666203960727
26.1725046566048
23.08679276123039
21.02379604162864
29.0
29.206163733020468
24.758836806279895
24.698178070456937
25.079872407968907
20.591260281974
21.840329667841555
23.08679276123039
20.0
18.24828759089466
15.033296378372908
12.041594578792296
11.40175425099138
8.06225774829855
4.123105625617661
6.0
8.94427190999916
11.180339887498949
15.033296378372908
16.278820596099706
21.0
22.45551157288562
28.0
28.160255680657446
29.614185789921695
25.0
30.364452901377952
26.40075756488817
31.38470965295043
29.5296461204668
33.12099032335839
30.0
34.40930106817051
33.97057550292606
38.28837943815329
35.38361202590826
41.012193308819754
37.64306044943742
41.23105625617661
44.82186966202994
47.20169488482379
40.496913462633174
43.829214001622255
39.81205847478876
35.84689665786984
39.84971769034255
34.92849839314596
38.2099463490856
37.013511046643494
34.058772731852805
30.265491900843113
27.16615541441225
25.0
25.0
25.942243542145693
21.095023109728988
22.135943621178654
23.345235059857504
18.439088914585774
21.0
23.345235059857504
20.8806130178211
18.24828759089466
15.811388300841896
13.892443989449804
11.40175425099138
7.280109889280518
6.4031242374328485
6.0
4.47213595499958
5.385164807134504
9.055385138137417
10.44030650891055
15.0
16.62077013859466
22.0
22.20360331117452
23.769728648009426
19.313207915827967
24.698178070456937
21.095023109728988
25.942243542145693
24.413111231467404
28.0178514522438
25.45584412271571
29.732137494637012
29.832867780352597
33.97057550292606
31.622776601683793
37.013511046643494
34.132096331752024
37.73592452822641
41.340053217188775
43.9089968002003
37.57658845611187
41.43669871020132
37.64306044943742
33.95585369269929
38.47076812334269
34.058772731852805
38.05259518088089
37.656340767525464
34.23448553724738
30.066592756745816
27.16615541441225
25.709920264364882
20.615528128088304
21.470910553583888
16.64331697709324
17.72004514666935
19.1049731745428
14.142135623730951
17.11724276862369
19.924858845171276
17.88854381999832
14.866068747318506
13.038404810405298
12.041594578792296
8.602325267042627
5.0
7.0
8.94427190999916
4.47213595499958
3.605551275463989
8.602325267042627
8.06225774829855
13.601470508735444
14.0089257261219
20.396078054371138
20.024984394500787
21.095023109728988
16.278820596099706
21.587033144922902
17.46424919657298
22.47220505424423
20.591260281974
24.186773244895647
21.2602916254693
25.612496949731394
25.495097567963924
29.698484809834994
27.202941017470888
32.64965543462902
29.68164415931166
33.28663395418648
36.89173349139343
39.44616584663204
33.1058907144937
37.0
33.24154027718932
29.614185789921695
34.23448553724738
30.0
34.23448553724738
34.20526275297414
30.59411708155671
26.30589287593181
23.53720459187964
22.47220505424423
20.591260281974
22.135943621178654
17.08800749063506
19.1049731745428
21.02379604162864
16.0312195418814
19.6468827043885
22.847319317591726
21.095023109728988
17.88854381999832
16.401219466856727
15.620499351813308
12.041594578792296
8.602325267042627
10.198039027185569
11.180339887498949
5.385164807134504
3.605551275463989
5.0
5.0990195135927845
10.198039027185569
11.280514172678478
17.11724276862369
17.029386365926403
18.439088914585774
13.92838827718412
19.313207915827967
15.811388300841896
20.591260281974
19.209372712298546
22.80350850198276
20.615528128088304
24.758836806279895
25.238858928247925
29.206163733020468
27.294688127912362
32.449961479175904
29.966648127543394
33.54101966249684
37.12142238654117
39.81205847478876
33.83784863137726
38.07886552931954
34.52535300326414
31.144823004794873
36.013886210738214
32.14031735997639
36.6742416417845
37.0
33.24154027718932
28.861739379323623
26.248809496813376
25.495097567963924
21.840329667841555
24.186773244895647
19.1049731745428
22.090722034374522
24.515301344262525
19.6468827043885
23.769728648009426
27.294688127912362
25.80697580112788
22.47220505424423
21.2602916254693
20.615528128088304
16.97056274847714
13.601470508735444
14.866068747318506
15.033296378372908
9.055385138137417
8.602325267042627
5.0
4.123105625617661
6.082762530298219
8.902246907382429
13.038404810405298
13.601470508735444
15.652475842498529
12.041594578792296
17.204650534085253
15.0
19.1049731745428
18.601075237738275
22.02271554554524
21.02379604162864
24.698178070456937
26.0
29.5296461204668
28.460498941515414
33.1058907144937
31.32091952673165
34.785054261852174
38.27531841800928
41.10960958218893
35.6931365951495
40.311288741492746
37.05401462729781
34.0147027033899
39.11521443121589
35.6931365951495
40.52159917870962
41.23105625617661
37.33630940518894
32.89376840679705
30.463092423455635
30.01666203960727
17.72004514666935
20.09975124224178
15.033296378372908
18.24828759089466
20.8806130178211
16.15549442140351
20.591260281974
24.413111231467404
23.345235059857504
19.849433241279208
19.209372712298546
19.235384061671343
15.264337522473747
12.649110640673518
15.033296378372908
16.278820596099706
10.44030650891055
8.06225774829855
5.0990195135927845
4.123105625617661
5.830951894845301
6.18465843842649
12.36931687685298
12.0
13.341664064126334
8.94427190999916
14.317821063276353
11.313708498984761
15.811388300841896
14.866068747318506
18.384776310850235
17.0
20.808652046684813
21.93171219946131
25.553864678361276
24.351591323771842
29.068883707497267
27.202941017470888
30.675723300355934
34.17601498127012
37.0
31.575306807693888
36.22154055254967
33.015148038438355
30.066592756745816
35.22782990761707
32.01562118716424
37.0
38.01315561749642
34.0147027033899
29.546573405388315
27.294688127912362
27.202941017470888
20.0
23.194827009486403
18.439088914585774
22.47220505424423
25.495097567963924
21.095023109728988
25.80697580112788
29.832867780352597
29.0
25.45584412271571
25.0
25.059928172283335
21.095023109728988
18.384776310850235
20.396078054371138
21.0
15.0
13.601470508735444
10.198039027185569
6.082762530298219
5.830951894845301
4.6097722286464435
7.0
7.615773105863909
10.0
7.615773105863909
12.041594578792296
11.40175425099138
14.422205101855956
14.866068747318506
17.88854381999832
18.24828759089466
21.18962010041709
23.345235059857504
26.248809496813376
26.1725046566048
30.083217912982647
29.154759474226502
32.38826948140329
35.6931365951495
38.63935817272331
34.0147027033899
39.01281840626232
36.22154055254967
33.734255586866
39.05124837953327
36.40054944640259
41.6293165929973
43.04648650006177
38.948684188300895
34.48187929913333
32.449961479175904
32.64965543462902
15.532224567009067
18.9274932307477
14.396180048887969
18.7949461292125
22.051077071199945
18.062391868188442
22.983689869122408
27.244265451650556
26.911893281595777
23.30772404161333
23.47871376374779
24.19194080680589
20.081085628023203
18.172781845386247
21.005951537600005
22.45551157288562
16.62077013859466
14.0089257261219
11.280514172678478
8.902246907382429
6.18465843842649
4.6097722286464435
7.5
6.18465843842649
7.158910531638177
3.2015621187164243
8.32165848854662
6.800735254367722
10.259142264341596
10.307764064044152
13.46291201783626
13.647344063956181
16.62077013859466
18.741664813991314
21.66217902243447
21.592822881689184
25.480384612481814
24.58149710656371
27.789386463180506
31.084562084739105
34.03307215048327
29.5
34.55792239125495
31.894356867634123
29.60152023123137
34.96069221282668
32.65348373451139
38.029593739612835
39.81519810323691
35.64056677439347
31.212978070027216
29.449108645254444
30.07074990750979
21.18962010041709
25.079872407968907
21.095023109728988
25.80697580112788
29.206163733020468
25.45584412271571
30.4138126514911
34.713109915419565
34.40930106817051
30.805843601498726
30.886890422961002
31.38470965295043
27.313000567495326
25.0
27.294688127912362
28.0
22.0
20.396078054371138
17.11724276862369
13.038404810405298
12.36931687685298
7.0
7.5
3.0
6.082762530298219
8.06225774829855
9.055385138137417
11.704699910719626
12.041594578792296
14.142135623730951
16.0312195418814
18.439088914585774
20.0
23.194827009486403
25.019992006393608
26.30589287593181
29.017236257093817
29.274562336608895
32.0624390837628
35.0
38.0
34.52535300326414
39.81205847478876
37.64306044943742
35.84689665786984
41.23105625617661
39.44616584663204
44.94441010848846
47.01063709417264
42.80186911806539
38.41874542459709
36.796738985948195
37.53664875824692
18.384776310850235
22.360679774997898
18.601075237738275
23.430749027719962
26.90724809414742
23.430749027719962
28.42534080710379
32.802438933713454
32.7566787083184
29.154759474226502
29.546573405388315
30.364452901377952
26.248809496813376
24.331050121192877
27.018512172212592
28.160255680657446
22.20360331117452
20.024984394500787
17.029386365926403
13.601470508735444
12.0
7.615773105863909
6.18465843842649
3.0
3.1622776601683795
5.656854249492381
6.082762530298219
8.94427190999916
9.055385138137417
11.180339887498949
13.038404810405298
15.524174696260024
17.0
20.223748416156685
22.02271554554524
23.345235059857504
26.019223662515376
26.30589287593181
29.068883707497267
32.0
35.0
31.575306807693888
36.87817782917155
34.785054261852174
33.1058907144937
38.48376280978771
36.89173349139343
42.43819034784589
44.68780594300866
40.45985664828782
36.124783736376884
34.655446902326915
35.608987629529715
16.1245154965971
20.248456731316587
16.97056274847714
21.93171219946131
25.495097567963924
22.47220505424423
27.459060435491963
31.906112267087632
32.202484376209235
28.635642126552707
29.410882339705484
30.59411708155671
26.476404589747453
25.019992006393608
28.071337695236398
29.614185789921695
23.769728648009426
21.095023109728988
18.439088914585774
15.652475842498529
13.341664064126334
10.0
7.158910531638177
6.082762530298219
3.1622776601683795
5.0990195135927845
3.0
7.0710678118654755
6.0
8.54400374531753
10.0
13.0
14.035668847618199
17.46424919657298
19.0
20.615528128088304
23.0
23.53720459187964
26.1725046566048
29.017236257093817
32.01562118716424
28.861739379323623
34.20526275297414
32.31098884280702
30.886890422961002
36.235341863986875
35.0
40.607881008493905
43.139309220245984
38.897300677553446
34.655446902326915
33.421549934136806
34.66987164671943
13.341664064126334
17.08800749063506
13.038404810405298
17.804493814764857
21.2602916254693
17.804493814764857
22.80350850198276
27.202941017470888
27.294688127912362
23.706539182259394
24.351591323771842
25.495097567963924
21.37755832643195
20.0
23.194827009486403
25.0
19.313207915827967
16.278820596099706
13.92838827718412
12.041594578792296
8.94427190999916
7.615773105863909
3.2015621187164243
8.06225774829855
5.656854249492381
5.0990195135927845
5.385164807134504
4.0
7.0710678118654755
7.280109889280518
10.295630140987
11.0
13.601470508735444
16.0312195418814
18.681541692269406
19.0
22.561028345356956
22.0
25.079872407968907
28.284271247461902
31.25699921617557
27.073972741361768
32.2490309931942
29.832867780352597
27.85677655436824
33.24154027718932
31.38470965295043
36.89173349139343
39.05124837953327
34.828149534535996
30.479501308256342
29.0
30.0
13.601470508735444
17.804493814764857
15.0
20.0
23.600847442411894
21.02379604162864
25.942243542145693
30.4138126514911
31.016124838541646
27.51363298439521
28.635642126552707
30.14962686336267
26.076809620810597
25.079872407968907
28.442925306655784
30.364452901377952
24.698178070456937
21.587033144922902
19.313207915827967
17.204650534085253
14.317821063276353
12.041594578792296
8.32165848854662
9.055385138137417
6.082762530298219
3.0
5.385164807134504
5.385164807134504
3.0
5.830951894845301
7.0
10.295630140987
11.045361017187261
14.560219778561036
16.0
17.72004514666935
20.0
20.615528128088304
23.194827009486403
26.019223662515376
29.017236257093817
25.96150997149434
31.32091952673165
29.546573405388315
28.30194339616981
33.61547262794322
32.64965543462902
38.28837943815329
41.036569057366385
36.796738985948195
32.64965543462902
31.622776601683793
33.12099032335839
9.486832980505138
13.416407864998739
9.899494936611665
14.866068747318506
18.439088914585774
15.652475842498529
20.591260281974
25.059928172283335
25.632011235952593
22.135943621178654
23.345235059857504
25.019992006393608
21.0
20.396078054371138
24.041630560342615
26.40075756488817
21.095023109728988
17.46424919657298
15.811388300841896
15.0
11.313708498984761
11.40175425099138
6.800735254367722
11.704699910719626
8.94427190999916
7.0710678118654755
4.0
5.385164807134504
5.0990195135927845
3.605551275463989
7.0710678118654755
7.0
9.848857801796104
12.041594578792296
14.866068747318506
15.0
18.681541692269406
18.0
21.095023109728988
24.331050121192877
27.294688127912362
23.08679276123039
28.284271247461902
25.96150997149434
24.166091947189145
29.546573405388315
28.0178514522438
33.60059523282288
36.069377593742864
31.827660925679098
27.586228448267445
26.40075756488817
27.784887978899608
11.313708498984761
15.556349186104045
13.416407864998739
18.35755975068582
21.95449840010015
19.924858845171276
24.698178070456937
29.154759474226502
30.083217912982647
26.68332812825267
28.160255680657446
30.0
26.019223662515376
25.495097567963924
29.120439557122072
31.38470965295043
25.942243542145693
22.47220505424423
20.591260281974
19.1049731745428
15.811388300841896
14.422205101855956
10.259142264341596
12.041594578792296
9.055385138137417
6.0
7.0710678118654755
3.0
5.0990195135927845
3.605551275463989
4.0
7.810249675906654
8.06225774829855
11.704699910719626
13.0
14.866068747318506
17.0
17.72004514666935
20.223748416156685
23.021728866442675
26.019223662515376
23.08679276123039
28.460498941515414
26.832815729997478
25.80697580112788
31.064449134018133
30.4138126514911
36.069377593742864
39.05124837953327
34.828149534535996
30.805843601498726
30.01666203960727
31.78049716414141
7.810249675906654
12.041594578792296
9.848857801796104
14.7648230602334
18.35755975068582
16.492422502470642
21.18962010041709
25.632011235952593
26.68332812825267
23.345235059857504
25.019992006393608
27.073972741361768
23.194827009486403
23.08679276123039
26.92582403567252
29.5296461204668
24.413111231467404
20.591260281974
19.209372712298546
18.601075237738275
14.866068747318506
14.866068747318506
10.307764064044152
14.142135623730951
11.180339887498949
8.54400374531753
7.280109889280518
5.830951894845301
3.605551275463989
3.605551275463989
3.605551275463989
4.47213595499958
6.324555320336759
9.055385138137417
11.40175425099138
12.165525060596439
15.297058540778355
15.132745950421556
18.0
21.095023109728988
24.08318915758459
20.396078054371138
25.709920264364882
23.769728648009426
22.47220505424423
27.784887978899608
26.90724809414742
32.55764119219941
35.4682957019364
31.240998703626616
27.202941017470888
26.419689627245813
28.231188426986208
8.94427190999916
13.038404810405298
12.165525060596439
16.76305461424021
20.248456731316587
19.1049731745428
23.53720459187964
27.892651361962706
29.274562336608895
26.076809620810597
28.0178514522438
30.265491900843113
26.476404589747453
26.570660511172846
30.463092423455635
33.12099032335839
28.0178514522438
24.186773244895647
22.80350850198276
22.02271554554524
18.384776310850235
17.88854381999832
13.46291201783626
16.0312195418814
13.038404810405298
10.0
10.295630140987
7.0
7.0710678118654755
4.0
3.605551275463989
5.385164807134504
4.123105625617661
8.06225774829855
9.0
11.180339887498949
13.0
13.92838827718412
16.278820596099706
19.026297590440446
22.02271554554524
19.313207915827967
24.698178070456937
23.323807579381203
22.67156809750927
27.80287754891569
27.65863337187866
33.301651610693426
36.61966684720111
32.449961479175904
28.653097563788805
28.231188426986208
30.364452901377952
3.605551275463989
7.810249675906654
7.0
11.40175425099138
14.866068747318506
14.0
18.24828759089466
22.561028345356956
24.08318915758459
21.0
23.194827009486403
25.709920264364882
22.135943621178654
22.825424421026653
26.92582403567252
30.0
25.45584412271571
21.2602916254693
20.615528128088304
21.02379604162864
17.0
18.24828759089466
13.647344063956181
18.439088914585774
15.524174696260024
13.0
11.0
10.295630140987
7.0
7.810249675906654
4.47213595499958
5.385164807134504
4.47213595499958
5.0990195135927845
8.602325267042627
8.0
12.083045973594572
11.0
14.142135623730951
17.46424919657298
20.396078054371138
16.1245154965971
21.37755832643195
19.313207915827967
18.027756377319946
23.323807579381203
22.627416997969522
28.284271247461902
31.400636936215164
27.202941017470888
23.323807579381203
22.847319317591726
25.0
7.0
10.44030650891055
11.180339887498949
15.033296378372908
18.24828759089466
18.110770276274835
22.02271554554524
26.1725046566048
28.0
25.079872407968907
27.459060435491963
30.083217912982647
26.570660511172846
27.294688127912362
31.38470965295043
34.40930106817051
29.732137494637012
25.612496949731394
24.758836806279895
24.698178070456937
20.808652046684813
21.18962010041709
16.62077013859466
20.0
17.0
14.035668847618199
13.601470508735444
11.045361017187261
9.848857801796104
8.06225774829855
6.324555320336759
4.123105625617661
4.47213595499958
4.242640687119285
5.0990195135927845
7.211102550927978
9.055385138137417
9.848857801796104
12.165525060596439
15.0
18.0
15.231546211727817
20.615528128088304
19.4164878389476
19.1049731745428
24.08318915758459
24.413111231467404
30.0
33.61547262794322
29.5296461204668
26.0
25.96150997149434
28.442925306655784
5.0
7.0
9.433981132056603
12.165525060596439
15.0
15.811388300841896
19.1049731745428
23.0
25.179356624028344
22.561028345356956
25.298221281347036
28.231188426986208
25.059928172283335
26.40075756488817
30.610455730027933
33.97057550292606
29.832867780352597
25.495097567963924
25.238858928247925
26.0
21.93171219946131
23.345235059857504
18.741664813991314
23.194827009486403
20.223748416156685
17.46424919657298
16.0312195418814
14.560219778561036
12.041594578792296
11.704699910719626
9.055385138137417
8.06225774829855
5.0990195135927845
4.242640687119285
4.47213595499958
3.1622776601683795
7.211102550927978
6.082762530298219
9.055385138137417
12.36931687685298
15.297058540778355
11.40175425099138
16.76305461424021
15.264337522473747
14.866068747318506
19.849433241279208
20.248456731316587
25.80697580112788
29.5296461204668
25.495097567963924
22.135943621178654
22.360679774997898
25.079872407968907
9.433981132056603
11.180339887498949
13.892443989449804
16.492422502470642
19.1049731745428
20.248456731316587
23.345235059857504
27.073972741361768
29.427877939124322
26.92582403567252
29.732137494637012
32.69556544854363
29.5296461204668
30.805843601498726
35.0
38.28837943815329
33.97057550292606
29.698484809834994
29.206163733020468
29.5296461204668
25.553864678361276
26.248809496813376
21.66217902243447
25.019992006393608
22.02271554554524
19.0
18.681541692269406
16.0
14.866068747318506
13.0
11.40175425099138
9.0
8.602325267042627
5.0990195135927845
4.47213595499958
5.0990195135927845
4.0
6.4031242374328485
7.615773105863909
10.04987562112089
13.038404810405298
11.40175425099138
16.64331697709324
16.278820596099706
17.0
21.400934559032695
22.847319317591726
28.178005607210743
32.31098884280702
28.460498941515414
25.495097567963924
26.076809620810597
29.0
6.708203932499369
6.708203932499369
10.63014581273465
12.083045973594572
14.317821063276353
16.1245154965971
18.681541692269406
22.20360331117452
24.73863375370596
22.47220505424423
25.495097567963924
28.653097563788805
25.80697580112788
27.586228448267445
31.827660925679098
35.38361202590826
31.622776601683793
27.202941017470888
27.294688127912362
28.460498941515414
24.351591323771842
26.1725046566048
21.592822881689184
26.30589287593181
23.345235059857504
20.615528128088304
19.0
17.72004514666935
15.0
14.866068747318506
12.165525060596439
11.180339887498949
8.0
7.211102550927978
3.1622776601683795
5.0990195135927845
5.830951894845301
3.0
6.324555320336759
9.848857801796104
12.649110640673518
8.246211251235321
13.601470508735444
12.206555615733702
12.206555615733702
16.97056274847714
17.88854381999832
23.323807579381203
27.313000567495326
23.40939982143925
20.396078054371138
21.02379604162864
24.020824298928627
12.041594578792296
12.529964086141668
16.278820596099706
17.88854381999832
19.924858845171276
21.95449840010015
24.351591323771842
27.65863337187866
30.364452901377952
28.231188426986208
31.304951684997057
34.48187929913333
31.622776601683793
33.301651610693426
37.53664875824692
41.012193308819754
37.013511046643494
32.64965543462902
32.449961479175904
33.1058907144937
29.068883707497267
30.083217912982647
25.480384612481814
29.017236257093817
26.019223662515376
23.0
22.561028345356956
20.0
18.681541692269406
17.0
15.297058540778355
13.0
12.083045973594572
9.055385138137417
7.211102550927978
4.0
5.830951894845301
5.0
4.242640687119285
6.082762530298219
9.055385138137417
8.602325267042627
13.45362404707371
13.892443989449804
15.524174696260024
19.235384061671343
21.587033144922902
26.570660511172846
31.04834939252005
27.459060435491963
25.019992006393608
26.076809620810597
29.274562336608895
9.486832980505138
8.48528137423857
13.038404810405298
13.601470508735444
15.231546211727817
17.804493814764857
19.697715603592208
22.80350850198276
25.632011235952593
23.706539182259394
26.92582403567252
30.23243291566195
27.65863337187866
29.732137494637012
33.97057550292606
37.64306044943742
34.132096331752024
29.68164415931166
29.966648127543394
31.32091952673165
27.202941017470888
29.154759474226502
24.58149710656371
29.274562336608895
26.30589287593181
23.53720459187964
22.0
20.615528128088304
18.0
17.72004514666935
15.132745950421556
13.92838827718412
11.0
9.848857801796104
6.082762530298219
6.4031242374328485
3.0
5.0
3.605551275463989
7.211102550927978
9.848857801796104
5.385164807134504
10.770329614269007
9.899494936611665
10.770329614269007
15.0
16.76305461424021
21.93171219946131
26.248809496813376
22.561028345356956
20.024984394500787
21.095023109728988
24.331050121192877
13.0
12.041594578792296
16.64331697709324
17.029386365926403
18.35755975068582
21.2602916254693
22.825424421026653
25.632011235952593
28.635642126552707
26.92582403567252
30.23243291566195
33.60059523282288
31.144823004794873
33.301651610693426
37.53664875824692
41.23105625617661
37.73592452822641
33.28663395418648
33.54101966249684
34.785054261852174
30.675723300355934
32.38826948140329
27.789386463180506
32.0624390837628
29.068883707497267
26.1725046566048
25.079872407968907
23.194827009486403
21.095023109728988
20.223748416156685
18.0
16.278820596099706
14.142135623730951
12.165525060596439
9.055385138137417
7.615773105863909
6.324555320336759
4.242640687119285
3.605551275463989
3.605551275463989
6.324555320336759
4.47213595499958
9.219544457292887
9.848857801796104
12.041594578792296
15.231546211727817
18.110770276274835
22.80350850198276
27.459060435491963
24.08318915758459
22.090722034374522
23.53720459187964
26.92582403567252
16.55294535724685
15.620499351813308
20.248456731316587
20.518284528683193
21.633307652783937
24.758836806279895
26.076809620810597
28.635642126552707
31.76476034853718
30.23243291566195
33.60059523282288
37.013511046643494
34.655446902326915
36.87817782917155
41.10960958218893
44.82186966202994
41.340053217188775
36.89173349139343
37.12142238654117
38.27531841800928
34.17601498127012
35.6931365951495
31.084562084739105
35.0
32.0
29.017236257093817
28.284271247461902
26.019223662515376
24.331050121192877
23.021728866442675
21.095023109728988
19.026297590440446
17.46424919657298
15.0
12.36931687685298
10.04987562112089
9.848857801796104
6.082762530298219
7.211102550927978
3.605551275463989
3.0
6.082762530298219
8.94427190999916
11.045361017187261
14.142135623730951
16.278820596099706
20.024984394500787
24.186773244895647
29.068883707497267
26.019223662515376
24.515301344262525
26.248809496813376
29.732137494637012
19.313207915827967
18.027756377319946
22.825424421026653
22.67156809750927
23.430749027719962
26.90724809414742
27.80287754891569
30.01666203960727
33.28663395418648
32.01562118716424
35.4682957019364
38.948684188300895
36.796738985948195
39.20459156782532
43.41658669218482
47.20169488482379
43.9089968002003
39.44616584663204
39.81205847478876
41.10960958218893
37.0
38.63935817272331
34.03307215048327
38.0
35.0
32.01562118716424
31.25699921617557
29.017236257093817
27.294688127912362
26.019223662515376
24.08318915758459
22.02271554554524
20.396078054371138
18.0
15.297058540778355
13.038404810405298
12.649110640673518
9.055385138137417
9.848857801796104
6.324555320336759
3.0
7.211102550927978
8.06225774829855
11.180339887498949
14.866068747318506
16.0
20.396078054371138
24.0
29.017236257093817
26.30589287593181
25.298221281347036
27.313000567495326
30.870698080866262
14.035668847618199
11.704699910719626
16.76305461424021
15.811388300841896
16.278820596099706
20.0
20.615528128088304
22.825424421026653
26.076809620810597
24.839484696748443
28.319604517012593
31.827660925679098
29.832867780352597
32.449961479175904
36.61966684720111
40.496913462633174
37.57658845611187
33.1058907144937
33.83784863137726
35.6931365951495
31.575306807693888
34.0147027033899
29.5
34.52535300326414
31.575306807693888
28.861739379323623
27.073972741361768
25.96150997149434
23.08679276123039
23.08679276123039
20.396078054371138
19.313207915827967
16.1245154965971
15.231546211727817
11.40175425099138
11.40175425099138
8.246211251235321
8.602325267042627
5.385164807134504
4.47213595499958
6.082762530298219
7.211102550927978
5.385164807134504
5.385164807134504
8.06225774829855
10.770329614269007
14.0
18.439088914585774
23.194827009486403
20.0
18.439088914585774
20.248456731316587
23.769728648009426
19.026297590440446
16.1245154965971
21.213203435596427
19.313207915827967
18.867962264113206
23.259406699226016
22.80350850198276
24.08318915758459
27.586228448267445
27.018512172212592
30.610455730027933
34.20526275297414
32.7566787083184
35.77708763999664
39.824615503479755
43.829214001622255
41.43669871020132
37.0
38.07886552931954
40.311288741492746
36.22154055254967
39.01281840626232
34.55792239125495
39.81205847478876
36.87817782917155
34.20526275297414
32.2490309931942
31.32091952673165
28.284271247461902
28.460498941515414
25.709920264364882
24.698178070456937
21.37755832643195
20.615528128088304
16.76305461424021
16.64331697709324
13.601470508735444
13.45362404707371
10.770329614269007
9.219544457292887
8.94427190999916
8.06225774829855
5.385164807134504
4.242640687119285
8.48528137423857
8.06225774829855
13.0
16.0312195418814
21.095023109728988
18.681541692269406
18.35755975068582
20.808652046684813
24.413111231467404
16.492422502470642
13.038404810405298
18.0
15.524174696260024
14.7648230602334
19.313207915827967
18.601075237738275
19.849433241279208
23.345235059857504
22.80350850198276
26.40075756488817
30.0
28.653097563788805
31.78049716414141
35.77708763999664
39.81205847478876
37.64306044943742
33.24154027718932
34.52535300326414
37.05401462729781
33.015148038438355
36.22154055254967
31.894356867634123
37.64306044943742
34.785054261852174
32.31098884280702
29.832867780352597
29.546573405388315
25.96150997149434
26.832815729997478
23.769728648009426
23.323807579381203
19.313207915827967
19.4164878389476
15.264337522473747
16.278820596099706
12.206555615733702
13.892443989449804
9.899494936611665
9.848857801796104
11.045361017187261
11.180339887498949
5.385164807134504
4.242640687119285
4.242640687119285
5.385164807134504
9.219544457292887
13.152946437965905
18.027756377319946
15.132745950421556
14.317821063276353
16.64331697709324
20.248456731316587
14.7648230602334
10.770329614269007
15.297058540778355
12.041594578792296
10.770329614269007
15.524174696260024
14.422205101855956
15.620499351813308
19.1049731745428
18.601075237738275
22.20360331117452
25.80697580112788
24.596747752497688
27.85677655436824
31.78049716414141
35.84689665786984
33.95585369269929
29.614185789921695
31.144823004794873
34.0147027033899
30.066592756745816
33.734255586866
29.60152023123137
35.84689665786984
33.1058907144937
30.886890422961002
27.85677655436824
28.30194339616981
24.166091947189145
25.80697580112788
22.47220505424423
22.67156809750927
18.027756377319946
19.1049731745428
14.866068747318506
17.0
12.206555615733702
15.524174696260024
10.770329614269007
12.041594578792296
14.142135623730951
14.866068747318506
8.06225774829855
8.48528137423857
4.242640687119285
5.385164807134504
6.082762530298219
11.180339887498949
15.524174696260024
12.041594578792296
10.44030650891055
12.529964086141668
16.1245154965971
20.12461179749811
16.15549442140351
20.615528128088304
17.029386365926403
15.132745950421556
20.09975124224178
18.027756377319946
18.027756377319946
21.633307652783937
21.93171219946131
25.495097567963924
29.068883707497267
28.460498941515414
32.01562118716424
35.73513677041127
39.84971769034255
38.47076812334269
34.23448553724738
36.013886210738214
39.11521443121589
35.22782990761707
39.05124837953327
34.96069221282668
41.23105625617661
38.48376280978771
36.235341863986875
33.24154027718932
33.61547262794322
29.546573405388315
31.064449134018133
27.784887978899608
27.80287754891569
23.323807579381203
24.08318915758459
19.849433241279208
21.400934559032695
16.97056274847714
19.235384061671343
15.0
15.231546211727817
16.278820596099706
16.0
10.770329614269007
8.06225774829855
5.385164807134504
5.385164807134504
5.656854249492381
8.0
13.038404810405298
10.770329614269007
11.313708498984761
14.212670403551895
17.69180601295413
19.1049731745428
14.866068747318506
18.35755975068582
13.92838827718412
11.180339887498949
16.1245154965971
13.152946437965905
12.529964086141668
16.1245154965971
16.76305461424021
20.248456731316587
23.769728648009426
23.53720459187964
27.294688127912362
30.805843601498726
34.92849839314596
34.058772731852805
30.0
32.14031735997639
35.6931365951495
32.01562118716424
36.40054944640259
32.65348373451139
39.44616584663204
36.89173349139343
35.0
31.38470965295043
32.64965543462902
28.0178514522438
30.4138126514911
26.90724809414742
27.65863337187866
22.627416997969522
24.413111231467404
20.248456731316587
22.847319317591726
17.88854381999832
21.587033144922902
16.76305461424021
18.110770276274835
20.024984394500787
20.396078054371138
14.0
13.0
9.219544457292887
6.082762530298219
5.656854249492381
5.656854249492381
9.486832980505138
6.0
5.656854249492381
8.602325267042627
12.041594578792296
24.758836806279895
20.518284528683193
23.853720883753127
19.235384061671343
16.15549442140351
20.8806130178211
17.11724276862369
15.132745950421556
18.439088914585774
20.024984394500787
23.194827009486403
26.476404589747453
27.018512172212592
31.0
34.132096331752024
38.2099463490856
38.05259518088089
34.23448553724738
36.6742416417845
40.52159917870962
37.0
41.6293165929973
38.029593739612835
44.94441010848846
42.43819034784589
40.607881008493905
36.89173349139343
38.28837943815329
33.60059523282288
36.069377593742864
32.55764119219941
33.301651610693426
28.284271247461902
30.0
25.80697580112788
28.178005607210743
23.323807579381203
26.570660511172846
21.93171219946131
22.80350850198276
24.186773244895647
24.0
18.439088914585774
16.0312195418814
13.152946437965905
11.180339887498949
8.0
5.656854249492381
5.0990195135927845
4.47213595499958
8.0
11.045361017187261
13.601470508735444
27.80287754891569
23.600847442411894
26.1725046566048
21.2602916254693
17.804493814764857
21.95449840010015
17.46424919657298
14.317821063276353
17.029386365926403
19.4164878389476
22.090722034374522
25.0
26.30589287593181
30.4138126514911
33.06055050963308
37.013511046643494
37.656340767525464
34.20526275297414
37.0
41.23105625617661
38.01315561749642
43.04648650006177
39.81519810323691
47.01063709417264
44.68780594300866
43.139309220245984
39.05124837953327
41.036569057366385
36.069377593742864
39.05124837953327
35.4682957019364
36.61966684720111
31.400636936215164
33.61547262794322
29.5296461204668
32.31098884280702
27.313000567495326
31.04834939252005
26.248809496813376
27.459060435491963
29.068883707497267
29.017236257093817
23.194827009486403
21.095023109728988
18.027756377319946
15.524174696260024
13.038404810405298
9.486832980505138
5.0990195135927845
4.242640687119285
8.602325267042627
10.770329614269007
12.041594578792296
23.600847442411894
19.4164878389476
21.93171219946131
17.029386365926403
13.601470508735444
17.88854381999832
13.601470508735444
11.0
14.142135623730951
16.0312195418814
19.026297590440446
22.20360331117452
23.021728866442675
27.073972741361768
30.01666203960727
34.058772731852805
34.23448553724738
30.59411708155671
33.24154027718932
37.33630940518894
34.0147027033899
38.948684188300895
35.64056677439347
42.80186911806539
40.45985664828782
38.897300677553446
34.828149534535996
36.796738985948195
31.827660925679098
34.828149534535996
31.240998703626616
32.449961479175904
27.202941017470888
29.5296461204668
25.495097567963924
28.460498941515414
23.40939982143925
27.459060435491963
22.561028345356956
24.08318915758459
26.019223662515376
26.30589287593181
20.0
18.681541692269406
15.132745950421556
12.041594578792296
10.770329614269007
6.0
4.47213595499958
4.242640687119285
4.47213595499958
7.0710678118654755
9.219544457292887
19.72308292331602
15.652475842498529
17.69180601295413
12.727922061357855
9.219544457292887
13.416407864998739
9.219544457292887
7.280109889280518
10.770329614269007
12.041594578792296
15.297058540778355
18.681541692269406
19.026297590440446
23.0
26.1725046566048
30.265491900843113
30.066592756745816
26.30589287593181
28.861739379323623
32.89376840679705
29.546573405388315
34.48187929913333
31.212978070027216
38.41874542459709
36.124783736376884
34.655446902326915
30.479501308256342
32.64965543462902
27.586228448267445
30.805843601498726
27.202941017470888
28.653097563788805
23.323807579381203
26.0
22.135943621178654
25.495097567963924
20.396078054371138
25.019992006393608
20.024984394500787
22.090722034374522
24.515301344262525
25.298221281347036
18.439088914585774
18.35755975068582
14.317821063276353
10.44030650891055
11.313708498984761
5.656854249492381
8.0
8.602325267042627
4.47213595499958
3.1622776601683795
6.4031242374328485
19.313207915827967
15.524174696260024
16.64331697709324
11.661903789690601
8.06225774829855
11.40175425099138
6.708203932499369
4.123105625617661
7.615773105863909
9.0
12.165525060596439
15.524174696260024
16.0
20.024984394500787
23.08679276123039
27.16615541441225
27.16615541441225
23.53720459187964
26.248809496813376
30.463092423455635
27.294688127912362
32.449961479175904
29.449108645254444
36.796738985948195
34.655446902326915
33.421549934136806
29.0
31.622776601683793
26.40075756488817
30.01666203960727
26.419689627245813
28.231188426986208
22.847319317591726
25.96150997149434
22.360679774997898
26.076809620810597
21.02379604162864
26.076809620810597
21.095023109728988
23.53720459187964
26.248809496813376
27.313000567495326
20.248456731316587
20.808652046684813
16.64331697709324
12.529964086141668
14.212670403551895
8.602325267042627
11.045361017187261
10.770329614269007
7.0710678118654755
3.1622776601683795
3.605551275463989
21.587033144922902
18.110770276274835
18.384776310850235
13.601470508735444
10.198039027185569
12.206555615733702
7.211102550927978
2.8284271247461903
5.0
7.615773105863909
10.04987562112089
13.038404810405298
14.317821063276353
18.439088914585774
21.02379604162864
25.0
25.709920264364882
22.47220505424423
25.495097567963924
30.01666203960727
27.202941017470888
32.64965543462902
30.07074990750979
37.53664875824692
35.608987629529715
34.66987164671943
30.0
33.12099032335839
27.784887978899608
31.78049716414141
28.231188426986208
30.364452901377952
25.0
28.442925306655784
25.079872407968907
29.0
24.020824298928627
29.274562336608895
24.331050121192877
26.92582403567252
29.732137494637012
30.870698080866262
23.769728648009426
24.413111231467404
20.248456731316587
16.1245154965971
17.69180601295413
12.041594578792296
13.601470508735444
12.041594578792296
9.219544457292887
6.4031242374328485
3.605551275463989
