   8.9883228e-02
   9.4745241e-02
   1.7080441e-01
   2.4155392e-01
   2.3686310e-01
   3.1849061e-01
   4.0751469e-01
   4.4489928e-01
   3.8368898e-01
   4.3675398e-01
   4.9594405e-01
   4.2635358e-01
   4.5339335e-01
   5.4261816e-01
   6.1438472e-01
   5.2964200e-01
   4.3675398e-01
   4.3623985e-01
   4.6270223e-01
   3.7541120e-01
   4.2371360e-01
   3.2906074e-01
   4.4891651e-01
   3.8949399e-01
   3.4160882e-01
   2.8265222e-01
   2.8815640e-01
   2.0098501e-01
   2.3968861e-01
   1.6546545e-01
   1.8949048e-01
   7.6386055e-02
   1.4829976e-01
   1.0592840e-01
   1.9986530e-01
   1.4211786e-01
   2.5510937e-01
   2.0098501e-01
   2.7541384e-01
   3.5068540e-01
   4.0916344e-01
   2.9735519e-01
   4.0308505e-01
   3.4940318e-01
   3.1280282e-01
   4.2635358e-01
   4.0475185e-01
   5.2453279e-01
   5.8902286e-01
   5.0000000e-01
   4.1784692e-01
   4.0916344e-01
   4.5733597e-01
   8.9883228e-02
   1.0802620e-01
   1.1408838e-01
   1.6948544e-01
   1.9986530e-01
   2.5773492e-01
   3.3897088e-01
   3.8660238e-01
   3.3497501e-01
   3.9804279e-01
   4.6512098e-01
   4.0696362e-01
   4.5041373e-01
   5.4013098e-01
   6.1875244e-01
   5.4960407e-01
   4.5487584e-01
   4.6896502e-01
   5.1241324e-01
   4.2582690e-01
   4.9139818e-01
   4.0099181e-01
   5.3133415e-01
   4.7372620e-01
   4.2897732e-01
   3.6202106e-01
   3.7720031e-01
   2.8423572e-01
   3.2957183e-01
   2.5510937e-01
   2.7622747e-01
   1.6546545e-01
   2.2118499e-01
   1.4829976e-01
   2.3686310e-01
   1.4211786e-01
   2.6545581e-01
   1.7976646e-01
   2.5510937e-01
   3.3093090e-01
   3.8193028e-01
   2.4797203e-01
   3.4160882e-01
   2.7622747e-01
   2.2817676e-01
   3.4226513e-01
   3.1494777e-01
   4.3469381e-01
   5.0000000e-01
   4.1135150e-01
   3.3160834e-01
   3.2889020e-01
   3.8368898e-01
   9.4745241e-02
   1.0802620e-01
   1.0592840e-01
   1.8224611e-01
   1.4829976e-01
   2.4155392e-01
   3.3497501e-01
   3.6264043e-01
   2.9659952e-01
   3.4487788e-01
   4.0197001e-01
   3.3160834e-01
   3.6077913e-01
   4.5041373e-01
   5.2453279e-01
   4.4691241e-01
   3.5259999e-01
   3.6202106e-01
   4.0475185e-01
   3.1849061e-01
   3.9064464e-01
   3.0499286e-01
   4.4691241e-01
   3.9407643e-01
   3.5953291e-01
   2.7622747e-01
   3.1778520e-01
   2.0972753e-01
   2.8423572e-01
   2.0865475e-01
   2.5773492e-01
   1.4829976e-01
   2.3686310e-01
   1.9986530e-01
   2.9432087e-01
   2.2520687e-01
   3.4487788e-01
   2.7622747e-01
   3.5259999e-01
   4.2897732e-01
   4.8357214e-01
   3.5513671e-01
   4.4941614e-01
   3.8134224e-01
   3.2407859e-01
   4.3675398e-01
   3.8891739e-01
   5.0535730e-01
   5.5448231e-01
   4.6463823e-01
   3.7481294e-01
   3.5259999e-01
   3.8949399e-01
   1.7080441e-01
   1.1408838e-01
   1.0592840e-01
   7.6386055e-02
   8.9883228e-02
   1.4829976e-01
   2.3686310e-01
   2.7622747e-01
   2.2118499e-01
   2.8423572e-01
   3.5259999e-01
   2.9961076e-01
   3.5259999e-01
   4.4084544e-01
   5.2324770e-01
   4.6896502e-01
   3.7541120e-01
   4.0475185e-01
   4.6800697e-01
   3.8660238e-01
   4.7608894e-01
   3.9818371e-01
   5.4673833e-01
   4.9639635e-01
   4.6463823e-01
   3.7720031e-01
   4.2371360e-01
   3.1494777e-01
   3.8891739e-01
   3.1280282e-01
   3.5513671e-01
   2.4155392e-01
   3.1849061e-01
   2.5773492e-01
   3.4940318e-01
   2.5598754e-01
   3.7898096e-01
   2.8815640e-01
   3.6077913e-01
   4.3469381e-01
   4.8031259e-01
   3.3497501e-01
   4.0916344e-01
   3.2889020e-01
   2.5510937e-01
   3.6077913e-01
   2.9508238e-01
   4.0751469e-01
   4.5041373e-01
   3.6077913e-01
   2.6964968e-01
   2.4706536e-01
   2.8815640e-01
   2.4155392e-01
   1.6948544e-01
   1.8224611e-01
   7.6386055e-02
   1.0592840e-01
   9.4745241e-02
   1.6948544e-01
   2.2118499e-01
   1.8224611e-01
   2.5510937e-01
   3.2957183e-01
   2.9432087e-01
   3.6202106e-01
   4.4540341e-01
   5.3133415e-01
   4.9458468e-01
   4.0475185e-01
   4.4540341e-01
   5.1937333e-01
   4.4236998e-01
   5.4013098e-01
   4.6716706e-01
   6.1875244e-01
   5.7004835e-01
   5.4013098e-01
   4.5041373e-01
   5.0000000e-01
   3.9064464e-01
   4.6512098e-01
   3.8891739e-01
   4.2897732e-01
   3.1494777e-01
   3.8660238e-01
   3.1778520e-01
   4.0475185e-01
   3.0333277e-01
   4.2212168e-01
   3.2269066e-01
   3.8891739e-01
   4.5831633e-01
   4.9639635e-01
   3.4487788e-01
   3.9973061e-01
   3.1280282e-01
   2.2817676e-01
   3.2059751e-01
   2.3686310e-01
   3.4226513e-01
   3.7720031e-01
   2.8815640e-01
   1.9532232e-01
   1.7080441e-01
   2.1605239e-01
   2.3686310e-01
   1.9986530e-01
   1.4829976e-01
   8.9883228e-02
   1.0592840e-01
   1.0592840e-01
   1.9986530e-01
   2.1605239e-01
   1.4829976e-01
   2.0098501e-01
   2.6545581e-01
   2.0972753e-01
   2.6545581e-01
   3.5259999e-01
   4.3623985e-01
   3.9064464e-01
   2.9961076e-01
   3.3963229e-01
   4.1623257e-01
   3.4226513e-01
   4.4691241e-01
   3.8266405e-01
   5.3929937e-01
   4.9639635e-01
   4.7608894e-01
   3.7720031e-01
   4.4540341e-01
   3.3160834e-01
   4.2212168e-01
   3.4940318e-01
   4.0475185e-01
   2.9659952e-01
   3.8368898e-01
   3.3497501e-01
   4.2897732e-01
   3.4160882e-01
   4.6512098e-01
   3.7720031e-01
   4.5041373e-01
   5.2453279e-01
   5.7004835e-01
   4.2371360e-01
   4.9276635e-01
   4.0916344e-01
   3.2889020e-01
   4.2582690e-01
   3.4160882e-01
   4.4236998e-01
   4.6512098e-01
   3.7898096e-01
   2.8423572e-01
   2.4155392e-01
   2.5860418e-01
   3.1849061e-01
   2.5773492e-01
   2.4155392e-01
   1.4829976e-01
   9.4745241e-02
   1.0592840e-01
   9.4745241e-02
   1.2886746e-01
   8.9883228e-02
   1.6546545e-01
   2.4155392e-01
   2.2118499e-01
   2.9961076e-01
   3.7541120e-01
   4.6270223e-01
   4.4489928e-01
   3.6264043e-01
   4.1623257e-01
   5.0357786e-01
   4.3623985e-01
   5.4673833e-01
   4.8692510e-01
   6.4433730e-01
   6.0221017e-01
   5.8173887e-01
   4.8310783e-01
   5.4960407e-01
   4.3623985e-01
   5.2324770e-01
   4.4891651e-01
   4.9865168e-01
   3.8660238e-01
   4.6656620e-01
   4.0475185e-01
   4.9458468e-01
   3.9578116e-01
   5.1590502e-01
   4.1730950e-01
   4.8357214e-01
   5.5245494e-01
   5.8902286e-01
   4.3675398e-01
   4.8310783e-01
   3.9407643e-01
   3.0554422e-01
   3.8193028e-01
   2.7865411e-01
   3.6264043e-01
   3.6999199e-01
   2.8815640e-01
   1.9532232e-01
   1.4211786e-01
   1.5277211e-01
   4.0751469e-01
   3.3897088e-01
   3.3497501e-01
   2.3686310e-01
   1.6948544e-01
   1.9986530e-01
   9.4745241e-02
   7.6386055e-02
   1.0802620e-01
   1.7080441e-01
   2.4155392e-01
   2.5510937e-01
   3.4160882e-01
   4.0308505e-01
   4.8910940e-01
   4.9458468e-01
   4.2212168e-01
   4.8403599e-01
   5.7825653e-01
   5.1720836e-01
   6.3202959e-01
   5.7718829e-01
   7.3542084e-01
   6.9494197e-01
   6.7595268e-01
   5.7631280e-01
   6.4433730e-01
   5.3091162e-01
   6.1766340e-01
   5.4303159e-01
   5.9092478e-01
   4.7797073e-01
   5.5448231e-01
   4.8727064e-01
   5.7358052e-01
   4.7039843e-01
   5.8596695e-01
   4.8310783e-01
   5.4303159e-01
   6.0666555e-01
   6.3592339e-01
   4.8357214e-01
   5.1021874e-01
   4.2052374e-01
   3.3093090e-01
   3.8193028e-01
   2.6545581e-01
   3.2059751e-01
   3.0333277e-01
   2.3304248e-01
   1.5423408e-01
   8.7350796e-02
   5.9922152e-02
   4.4489928e-01
   3.8660238e-01
   3.6264043e-01
   2.7622747e-01
   2.2118499e-01
   2.1605239e-01
   1.2886746e-01
   7.6386055e-02
   7.6386055e-02
   1.0802620e-01
   1.7080441e-01
   2.0098501e-01
   2.8815640e-01
   3.3963229e-01
   4.2371360e-01
   4.4236998e-01
   3.7898096e-01
   4.4691241e-01
   5.4673833e-01
   4.9458468e-01
   6.1438472e-01
   5.7014676e-01
   7.2898444e-01
   6.9397251e-01
   6.8223153e-01
   5.7825653e-01
   6.5709769e-01
   5.4303159e-01
   6.3733343e-01
   5.6530445e-01
   6.2020151e-01
   5.1021874e-01
   5.9319904e-01
   5.3344179e-01
   6.2344960e-01
   5.2410478e-01
   6.4329158e-01
   5.4303159e-01
   6.0666555e-01
   6.7295805e-01
   7.0519997e-01
   5.5245494e-01
   5.8443301e-01
   4.9458468e-01
   4.0475185e-01
   4.5831633e-01
   3.4160882e-01
   3.9064464e-01
   3.6077913e-01
   2.9961076e-01
   2.2817676e-01
   1.6134533e-01
   1.0592840e-01
   3.8368898e-01
   3.3497501e-01
   2.9659952e-01
   2.2118499e-01
   1.8224611e-01
   1.4829976e-01
   8.9883228e-02
   1.0802620e-01
   7.6386055e-02
   7.6386055e-02
   1.5277211e-01
   1.4829976e-01
   2.3400348e-01
   2.9961076e-01
   3.8660238e-01
   3.8660238e-01
   3.1494777e-01
   3.7898096e-01
   4.7608894e-01
   4.2052374e-01
   5.3929937e-01
   4.9378998e-01
   6.5264274e-01
   6.1766340e-01
   6.0666555e-01
   5.0223915e-01
   5.8289502e-01
   4.6896502e-01
   5.6530445e-01
   4.9458468e-01
   5.5245494e-01
   4.4489928e-01
   5.3133415e-01
   4.7797073e-01
   5.7044189e-01
   4.7608894e-01
   5.9809692e-01
   5.0223915e-01
   5.7044189e-01
   6.4049465e-01
   6.7827270e-01
   5.2624137e-01
   5.7240555e-01
   4.8310783e-01
   3.9407643e-01
   4.6463823e-01
   3.5513671e-01
   4.2424291e-01
   4.1135150e-01
   3.3963229e-01
   2.5510937e-01
   1.9067112e-01
   1.6134533e-01
   4.3675398e-01
   3.9804279e-01
   3.4487788e-01
   2.8423572e-01
   2.5510937e-01
   2.0098501e-01
   1.6546545e-01
   1.7080441e-01
   1.0802620e-01
   7.6386055e-02
   7.6386055e-02
   9.4745241e-02
   1.8101053e-01
   2.3304248e-01
   3.1849061e-01
   3.3497501e-01
   2.7622747e-01
   3.4747099e-01
   4.5041373e-01
   4.0696362e-01
   5.2964200e-01
   4.9741251e-01
   6.5435977e-01
   6.2596425e-01
   6.2308954e-01
   5.1590502e-01
   6.0666555e-01
   4.9458468e-01
   5.9659416e-01
   5.3006554e-01
   5.9357723e-01
   4.9139818e-01
   5.8173887e-01
   5.3596002e-01
   6.2989555e-01
   5.4013098e-01
   6.6321669e-01
   5.7044189e-01
   6.4049465e-01
   7.1185146e-01
   7.5141996e-01
   5.9997008e-01
   6.4850332e-01
   5.5931800e-01
   4.7039843e-01
   5.4013098e-01
   4.2897732e-01
   4.9139818e-01
   4.6800697e-01
   4.0308505e-01
   3.2407859e-01
   2.5773492e-01
   2.1291345e-01
   4.9594405e-01
   4.6512098e-01
   4.0197001e-01
   3.5259999e-01
   3.2957183e-01
   2.6545581e-01
   2.4155392e-01
   2.4155392e-01
   1.7080441e-01
   1.5277211e-01
   7.6386055e-02
   8.7350796e-02
   1.4980538e-01
   1.7470159e-01
   2.5510937e-01
   2.9432087e-01
   2.5510937e-01
   3.3093090e-01
   4.3675398e-01
   4.0751469e-01
   5.3091162e-01
   5.1252271e-01
   6.6490641e-01
   6.4329158e-01
   6.4815717e-01
   5.4013098e-01
   6.3874034e-01
   5.3006554e-01
   6.3557040e-01
   5.7358052e-01
   6.4119502e-01
   5.4468214e-01
   6.3733343e-01
   5.9809692e-01
   6.9267778e-01
   6.0703535e-01
   7.3052206e-01
   6.4049465e-01
   7.1185146e-01
   7.8415640e-01
   8.2515436e-01
   6.7429064e-01
   7.2466175e-01
   6.3557040e-01
   5.4673833e-01
   6.1584407e-01
   5.0357786e-01
   5.6092063e-01
   5.2964200e-01
   4.7039843e-01
   3.9578116e-01
   3.2889020e-01
   2.7622747e-01
   4.2635358e-01
   4.0696362e-01
   3.3160834e-01
   2.9961076e-01
   2.9432087e-01
   2.0972753e-01
   2.2118499e-01
   2.5510937e-01
   2.0098501e-01
   1.4829976e-01
   9.4745241e-02
   8.7350796e-02
   8.7350796e-02
   1.5423408e-01
   2.4155392e-01
   2.4155392e-01
   1.8224611e-01
   2.5510937e-01
   3.5953291e-01
   3.2338537e-01
   4.4691241e-01
   4.2543145e-01
   5.7864449e-01
   5.5609888e-01
   5.6092063e-01
   4.5289811e-01
   5.5245494e-01
   4.4489928e-01
   5.5123494e-01
   4.9139818e-01
   5.6092063e-01
   4.6896502e-01
   5.6291751e-01
   5.3091162e-01
   6.2560563e-01
   5.4673833e-01
   6.6995002e-01
   5.8596695e-01
   6.5982425e-01
   7.3419921e-01
   7.7956393e-01
   6.3202959e-01
   6.9397251e-01
   6.0703535e-01
   5.2109883e-01
   6.0295502e-01
   4.9865168e-01
   5.7240555e-01
   5.5730823e-01
   4.8773098e-01
   4.0308505e-01
   3.3897088e-01
   3.0333277e-01
   4.5339335e-01
   4.5041373e-01
   3.6077913e-01
   3.5259999e-01
   3.6202106e-01
   2.6545581e-01
   2.9961076e-01
   3.4160882e-01
   2.8815640e-01
   2.3400348e-01
   1.8101053e-01
   1.4980538e-01
   8.7350796e-02
   8.9883228e-02
   1.7080441e-01
   1.5423408e-01
   1.0592840e-01
   1.8224611e-01
   2.8815640e-01
   2.6798001e-01
   3.8949399e-01
   3.8500274e-01
   5.2964200e-01
   5.1546984e-01
   5.3006554e-01
   4.2371360e-01
   5.3133415e-01
   4.3210478e-01
   5.4013098e-01
   4.8910940e-01
   5.6291751e-01
   4.8357214e-01
   5.7825653e-01
   5.5931800e-01
   6.5264274e-01
   5.8443301e-01
   7.0551813e-01
   6.2989555e-01
   7.0551813e-01
   7.8128927e-01
   8.3057593e-01
   6.8747450e-01
   7.5796193e-01
   6.7329144e-01
   5.9016475e-01
   6.7827270e-01
   5.7825653e-01
   6.5675608e-01
   6.4433730e-01
   5.7358052e-01
   4.8727064e-01
   4.2424291e-01
   3.9064464e-01
   5.4261816e-01
   5.4013098e-01
   4.5041373e-01
   4.4084544e-01
   4.4540341e-01
   3.5259999e-01
   3.7541120e-01
   4.0308505e-01
   3.3963229e-01
   2.9961076e-01
   2.3304248e-01
   1.7470159e-01
   1.5423408e-01
   8.9883228e-02
   8.7350796e-02
   1.3565454e-01
   1.4829976e-01
   2.1605239e-01
   3.1494777e-01
   3.1849061e-01
   4.3210478e-01
   4.4502537e-01
   5.7825653e-01
   5.7240555e-01
   5.9471038e-01
   4.9139818e-01
   6.0258271e-01
   5.0933829e-01
   6.1693631e-01
   5.7044189e-01
   6.4538133e-01
   5.7044189e-01
   6.6490641e-01
   6.4850332e-01
   7.4149880e-01
   6.7429064e-01
   7.9523943e-01
   7.1968974e-01
   7.9523943e-01
   8.7093503e-01
   9.1980991e-01
   7.7581254e-01
   8.4371156e-01
   7.5796193e-01
   6.7329144e-01
   7.5707317e-01
   6.5264274e-01
   7.2311167e-01
   7.0041024e-01
   6.3592339e-01
   5.5448231e-01
   4.8910940e-01
   4.4540341e-01
   6.1438472e-01
   6.1875244e-01
   5.2453279e-01
   5.2324770e-01
   5.3133415e-01
   4.3623985e-01
   4.6270223e-01
   4.8910940e-01
   4.2371360e-01
   3.8660238e-01
   3.1849061e-01
   2.5510937e-01
   2.4155392e-01
   1.7080441e-01
   8.7350796e-02
   1.2711408e-01
   1.8949048e-01
   2.3686310e-01
   3.1849061e-01
   3.4487788e-01
   4.4489928e-01
   4.7573528e-01
   5.9319904e-01
   5.9659416e-01
   6.2739666e-01
   5.2964200e-01
   6.4329158e-01
   5.5931800e-01
   6.6490641e-01
   6.2560563e-01
   7.0169070e-01
   6.3557040e-01
   7.2898444e-01
   7.1968974e-01
   8.1116535e-01
   7.4962588e-01
   8.6887120e-01
   7.9749383e-01
   8.7350796e-01
   9.4958178e-01
   1.0000000e+00
   8.5795465e-01
   9.2855170e-01
   8.4344553e-01
   7.5944088e-01
   8.4424336e-01
   7.3998399e-01
   8.0950369e-01
   7.8415640e-01
   7.2155826e-01
   6.4119502e-01
   5.7553347e-01
   5.2964200e-01
   5.2964200e-01
   5.4960407e-01
   4.4691241e-01
   4.6896502e-01
   4.9458468e-01
   3.9064464e-01
   4.4489928e-01
   4.9458468e-01
   4.4236998e-01
   3.8660238e-01
   3.3497501e-01
   2.9432087e-01
   2.4155392e-01
   1.5423408e-01
   1.3565454e-01
   1.2711408e-01
   9.4745241e-02
   1.1408838e-01
   1.9184449e-01
   2.2118499e-01
   3.1778520e-01
   3.5212232e-01
   4.6608496e-01
   4.7039843e-01
   5.0357786e-01
   4.0916344e-01
   5.2324770e-01
   4.4691241e-01
   5.4960407e-01
   5.1720836e-01
   5.9357723e-01
   5.3929937e-01
   6.2989555e-01
   6.3202959e-01
   7.1968974e-01
   6.6995002e-01
   7.8415640e-01
   7.2311167e-01
   7.9946122e-01
   8.7581714e-01
   9.3024195e-01
   7.9608558e-01
   8.7786464e-01
   7.9749383e-01
   7.1937785e-01
   8.1502938e-01
   7.2155826e-01
   8.0617010e-01
   7.9777518e-01
   7.2528085e-01
   6.3698121e-01
   5.7553347e-01
   5.4468214e-01
   4.3675398e-01
   4.5487584e-01
   3.5259999e-01
   3.7541120e-01
   4.0475185e-01
   2.9961076e-01
   3.6264043e-01
   4.2212168e-01
   3.7898096e-01
   3.1494777e-01
   2.7622747e-01
   2.5510937e-01
   1.8224611e-01
   1.0592840e-01
   1.4829976e-01
   1.8949048e-01
   9.4745241e-02
   7.6386055e-02
   1.8224611e-01
   1.7080441e-01
   2.8815640e-01
   2.9678862e-01
   4.3210478e-01
   4.2424291e-01
   4.4691241e-01
   3.4487788e-01
   4.5733597e-01
   3.6999199e-01
   4.7608894e-01
   4.3623985e-01
   5.1241324e-01
   4.5041373e-01
   5.4261816e-01
   5.4013098e-01
   6.2918259e-01
   5.7631280e-01
   6.9170515e-01
   6.2882581e-01
   7.0519997e-01
   7.8157646e-01
   8.3569384e-01
   7.0137080e-01
   7.8387016e-01
   7.0424463e-01
   6.2739666e-01
   7.2528085e-01
   6.3557040e-01
   7.2528085e-01
   7.2466175e-01
   6.4815717e-01
   5.5730823e-01
   4.9865168e-01
   4.7608894e-01
   4.3623985e-01
   4.6896502e-01
   3.6202106e-01
   4.0475185e-01
   4.4540341e-01
   3.3963229e-01
   4.1623257e-01
   4.8403599e-01
   4.4691241e-01
   3.7898096e-01
   3.4747099e-01
   3.3093090e-01
   2.5510937e-01
   1.8224611e-01
   2.1605239e-01
   2.3686310e-01
   1.1408838e-01
   7.6386055e-02
   1.0592840e-01
   1.0802620e-01
   2.1605239e-01
   2.3898536e-01
   3.6264043e-01
   3.6077913e-01
   3.9064464e-01
   2.9508238e-01
   4.0916344e-01
   3.3497501e-01
   4.3623985e-01
   4.0696362e-01
   4.8310783e-01
   4.3675398e-01
   5.2453279e-01
   5.3470239e-01
   6.1875244e-01
   5.7825653e-01
   6.8747450e-01
   6.3486382e-01
   7.1058931e-01
   7.8644257e-01
   8.4344553e-01
   7.1687783e-01
   8.0672666e-01
   7.3144308e-01
   6.5982425e-01
   7.6297867e-01
   6.8091448e-01
   7.7696875e-01
   7.8387016e-01
   7.0424463e-01
   6.1145557e-01
   5.5609888e-01
   5.4013098e-01
   4.6270223e-01
   5.1241324e-01
   4.0475185e-01
   4.6800697e-01
   5.1937333e-01
   4.1623257e-01
   5.0357786e-01
   5.7825653e-01
   5.4673833e-01
   4.7608894e-01
   4.5041373e-01
   4.3675398e-01
   3.5953291e-01
   2.8815640e-01
   3.1494777e-01
   3.1849061e-01
   1.9184449e-01
   1.8224611e-01
   1.0592840e-01
   8.7350796e-02
   1.2886746e-01
   1.8860015e-01
   2.7622747e-01
   2.8815640e-01
   3.3160834e-01
   2.5510937e-01
   3.6449222e-01
   3.1778520e-01
   4.0475185e-01
   3.9407643e-01
   4.6656620e-01
   4.4540341e-01
   5.2324770e-01
   5.5082768e-01
   6.2560563e-01
   6.0295502e-01
   7.0137080e-01
   6.6355498e-01
   7.3694503e-01
   8.1088865e-01
   8.7093503e-01
   7.5618337e-01
   8.5402206e-01
   7.8501449e-01
   7.2062460e-01
   8.2868241e-01
   7.5618337e-01
   8.5847763e-01
   8.7350796e-01
   7.9099510e-01
   6.9687685e-01
   6.4538133e-01
   6.3592339e-01
   3.7541120e-01
   4.2582690e-01
   3.1849061e-01
   3.8660238e-01
   4.4236998e-01
   3.4226513e-01
   4.3623985e-01
   5.1720836e-01
   4.9458468e-01
   4.2052374e-01
   4.0696362e-01
   4.0751469e-01
   3.2338537e-01
   2.6798001e-01
   3.1849061e-01
   3.4487788e-01
   2.2118499e-01
   1.7080441e-01
   1.0802620e-01
   8.7350796e-02
   1.2353268e-01
   1.3102619e-01
   2.6205239e-01
   2.5422816e-01
   2.8265222e-01
   1.8949048e-01
   3.0333277e-01
   2.3968861e-01
   3.3497501e-01
   3.1494777e-01
   3.8949399e-01
   3.6015656e-01
   4.4084544e-01
   4.6463823e-01
   5.4137600e-01
   5.1590502e-01
   6.1584407e-01
   5.7631280e-01
   6.4988606e-01
   7.2404211e-01
   7.8387016e-01
   6.6894434e-01
   7.6737796e-01
   6.9944836e-01
   6.3698121e-01
   7.4632553e-01
   6.7827270e-01
   7.8387016e-01
   8.0533455e-01
   7.2062460e-01
   6.2596425e-01
   5.7825653e-01
   5.7631280e-01
   4.2371360e-01
   4.9139818e-01
   3.9064464e-01
   4.7608894e-01
   5.4013098e-01
   4.4691241e-01
   5.4673833e-01
   6.3202959e-01
   6.1438472e-01
   5.3929937e-01
   5.2964200e-01
   5.3091162e-01
   4.4691241e-01
   3.8949399e-01
   4.3210478e-01
   4.4489928e-01
   3.1778520e-01
   2.8815640e-01
   2.1605239e-01
   1.2886746e-01
   1.2353268e-01
   9.7661159e-02
   1.4829976e-01
   1.6134533e-01
   2.1185680e-01
   1.6134533e-01
   2.5510937e-01
   2.4155392e-01
   3.0554422e-01
   3.1494777e-01
   3.7898096e-01
   3.8660238e-01
   4.4891651e-01
   4.9458468e-01
   5.5609888e-01
   5.5448231e-01
   6.3733343e-01
   6.1766340e-01
   6.8616751e-01
   7.5618337e-01
   8.1860107e-01
   7.2062460e-01
   8.2651308e-01
   7.6737796e-01
   7.1468314e-01
   8.2732725e-01
   7.7117039e-01
   8.8194538e-01
   9.1196909e-01
   8.2515436e-01
   7.3052206e-01
   6.8747450e-01
   6.9170515e-01
   3.2906074e-01
   4.0099181e-01
   3.0499286e-01
   3.9818371e-01
   4.6716706e-01
   3.8266405e-01
   4.8692510e-01
   5.7718829e-01
   5.7014676e-01
   4.9378998e-01
   4.9741251e-01
   5.1252271e-01
   4.2543145e-01
   3.8500274e-01
   4.4502537e-01
   4.7573528e-01
   3.5212232e-01
   2.9678862e-01
   2.3898536e-01
   1.8860015e-01
   1.3102619e-01
   9.7661159e-02
   1.5889260e-01
   1.3102619e-01
   1.5166639e-01
   6.7827270e-02
   1.7629999e-01
   1.4407820e-01
   2.1734690e-01
   2.1837699e-01
   2.8522094e-01
   2.8912826e-01
   3.5212232e-01
   3.9705491e-01
   4.5892799e-01
   4.5745863e-01
   5.3981927e-01
   5.2077573e-01
   5.8873705e-01
   6.5854758e-01
   7.2101377e-01
   6.2497756e-01
   7.3213308e-01
   6.7570364e-01
   6.2712833e-01
   7.4066604e-01
   6.9178626e-01
   8.0568280e-01
   8.4351204e-01
   7.5506964e-01
   6.6126816e-01
   6.2389939e-01
   6.3706928e-01
   4.4891651e-01
   5.3133415e-01
   4.4691241e-01
   5.4673833e-01
   6.1875244e-01
   5.3929937e-01
   6.4433730e-01
   7.3542084e-01
   7.2898444e-01
   6.5264274e-01
   6.5435977e-01
   6.6490641e-01
   5.7864449e-01
   5.2964200e-01
   5.7825653e-01
   5.9319904e-01
   4.6608496e-01
   4.3210478e-01
   3.6264043e-01
   2.7622747e-01
   2.6205239e-01
   1.4829976e-01
   1.5889260e-01
   6.3557040e-02
   1.2886746e-01
   1.7080441e-01
   1.9184449e-01
   2.4797203e-01
   2.5510937e-01
   2.9961076e-01
   3.3963229e-01
   3.9064464e-01
   4.2371360e-01
   4.9139818e-01
   5.3006554e-01
   5.5730823e-01
   6.1474988e-01
   6.2020151e-01
   6.7926457e-01
   7.4149880e-01
   8.0505584e-01
   7.3144308e-01
   8.4344553e-01
   7.9749383e-01
   7.5944088e-01
   8.7350796e-01
   8.3569384e-01
   9.5217789e-01
   9.9595231e-01
   9.0678670e-01
   8.1392724e-01
   7.7956393e-01
   7.9523943e-01
   3.8949399e-01
   4.7372620e-01
   3.9407643e-01
   4.9639635e-01
   5.7004835e-01
   4.9639635e-01
   6.0221017e-01
   6.9494197e-01
   6.9397251e-01
   6.1766340e-01
   6.2596425e-01
   6.4329158e-01
   5.5609888e-01
   5.1546984e-01
   5.7240555e-01
   5.9659416e-01
   4.7039843e-01
   4.2424291e-01
   3.6077913e-01
   2.8815640e-01
   2.5422816e-01
   1.6134533e-01
   1.3102619e-01
   6.3557040e-02
   6.6995002e-02
   1.1984430e-01
   1.2886746e-01
   1.8949048e-01
   1.9184449e-01
   2.3686310e-01
   2.7622747e-01
   3.2889020e-01
   3.6015656e-01
   4.2845386e-01
   4.6656620e-01
   4.9458468e-01
   5.5123494e-01
   5.5730823e-01
   6.1584407e-01
   6.7794176e-01
   7.4149880e-01
   6.6894434e-01
   7.8128927e-01
   7.3694503e-01
   7.0137080e-01
   8.1530468e-01
   7.8157646e-01
   8.9908192e-01
   9.4674155e-01
   8.5716957e-01
   7.6532811e-01
   7.3419921e-01
   7.5440061e-01
   3.4160882e-01
   4.2897732e-01
   3.5953291e-01
   4.6463823e-01
   5.4013098e-01
   4.7608894e-01
   5.8173887e-01
   6.7595268e-01
   6.8223153e-01
   6.0666555e-01
   6.2308954e-01
   6.4815717e-01
   5.6092063e-01
   5.3006554e-01
   5.9471038e-01
   6.2739666e-01
   5.0357786e-01
   4.4691241e-01
   3.9064464e-01
   3.3160834e-01
   2.8265222e-01
   2.1185680e-01
   1.5166639e-01
   1.2886746e-01
   6.6995002e-02
   1.0802620e-01
   6.3557040e-02
   1.4980538e-01
   1.2711408e-01
   1.8101053e-01
   2.1185680e-01
   2.7541384e-01
   2.9735519e-01
   3.6999199e-01
   4.0252792e-01
   4.3675398e-01
   4.8727064e-01
   4.9865168e-01
   5.5448231e-01
   6.1474988e-01
   6.7827270e-01
   6.1145557e-01
   7.2466175e-01
   6.8453027e-01
   6.5435977e-01
   7.6767035e-01
   7.4149880e-01
   8.6030557e-01
   9.1393560e-01
   8.2406576e-01
   7.3419921e-01
   7.0805826e-01
   7.3450480e-01
   2.8265222e-01
   3.6202106e-01
   2.7622747e-01
   3.7720031e-01
   4.5041373e-01
   3.7720031e-01
   4.8310783e-01
   5.7631280e-01
   5.7825653e-01
   5.0223915e-01
   5.1590502e-01
   5.4013098e-01
   4.5289811e-01
   4.2371360e-01
   4.9139818e-01
   5.2964200e-01
   4.0916344e-01
   3.4487788e-01
   2.9508238e-01
   2.5510937e-01
   1.8949048e-01
   1.6134533e-01
   6.7827270e-02
   1.7080441e-01
   1.1984430e-01
   1.0802620e-01
   1.1408838e-01
   8.4742720e-02
   1.4980538e-01
   1.5423408e-01
   2.1811992e-01
   2.3304248e-01
   2.8815640e-01
   3.3963229e-01
   3.9578116e-01
   4.0252792e-01
   4.7797073e-01
   4.6608496e-01
   5.3133415e-01
   5.9922152e-01
   6.6220078e-01
   5.7358052e-01
   6.8321765e-01
   6.3202959e-01
   5.9016475e-01
   7.0424463e-01
   6.6490641e-01
   7.8157646e-01
   8.2732725e-01
   7.3785803e-01
   6.4572896e-01
   6.1438472e-01
   6.3557040e-01
   2.8815640e-01
   3.7720031e-01
   3.1778520e-01
   4.2371360e-01
   5.0000000e-01
   4.4540341e-01
   5.4960407e-01
   6.4433730e-01
   6.5709769e-01
   5.8289502e-01
   6.0666555e-01
   6.3874034e-01
   5.5245494e-01
   5.3133415e-01
   6.0258271e-01
   6.4329158e-01
   5.2324770e-01
   4.5733597e-01
   4.0916344e-01
   3.6449222e-01
   3.0333277e-01
   2.5510937e-01
   1.7629999e-01
   1.9184449e-01
   1.2886746e-01
   6.3557040e-02
   1.1408838e-01
   1.1408838e-01
   6.3557040e-02
   1.2353268e-01
   1.4829976e-01
   2.1811992e-01
   2.3400348e-01
   3.0846816e-01
   3.3897088e-01
   3.7541120e-01
   4.2371360e-01
   4.3675398e-01
   4.9139818e-01
   5.5123494e-01
   6.1474988e-01
   5.5001224e-01
   6.6355498e-01
   6.2596425e-01
   5.9959591e-01
   7.1216664e-01
   6.9170515e-01
   8.1116535e-01
   8.6938762e-01
   7.7956393e-01
   6.9170515e-01
   6.6995002e-01
   7.0169070e-01
   2.0098501e-01
   2.8423572e-01
   2.0972753e-01
   3.1494777e-01
   3.9064464e-01
   3.3160834e-01
   4.3623985e-01
   5.3091162e-01
   5.4303159e-01
   4.6896502e-01
   4.9458468e-01
   5.3006554e-01
   4.4489928e-01
   4.3210478e-01
   5.0933829e-01
   5.5931800e-01
   4.4691241e-01
   3.6999199e-01
   3.3497501e-01
   3.1778520e-01
   2.3968861e-01
   2.4155392e-01
   1.4407820e-01
   2.4797203e-01
   1.8949048e-01
   1.4980538e-01
   8.4742720e-02
   1.1408838e-01
   1.0802620e-01
   7.6386055e-02
   1.4980538e-01
   1.4829976e-01
   2.0865475e-01
   2.5510937e-01
   3.1494777e-01
   3.1778520e-01
   3.9578116e-01
   3.8134224e-01
   4.4691241e-01
   5.1546984e-01
   5.7825653e-01
   4.8910940e-01
   5.9922152e-01
   5.5001224e-01
   5.1197509e-01
   6.2596425e-01
   5.9357723e-01
   7.1185146e-01
   7.6415429e-01
   6.7429064e-01
   5.8443301e-01
   5.5931800e-01
   5.8864174e-01
   2.3968861e-01
   3.2957183e-01
   2.8423572e-01
   3.8891739e-01
   4.6512098e-01
   4.2212168e-01
   5.2324770e-01
   6.1766340e-01
   6.3733343e-01
   5.6530445e-01
   5.9659416e-01
   6.3557040e-01
   5.5123494e-01
   5.4013098e-01
   6.1693631e-01
   6.6490641e-01
   5.4960407e-01
   4.7608894e-01
   4.3623985e-01
   4.0475185e-01
   3.3497501e-01
   3.0554422e-01
   2.1734690e-01
   2.5510937e-01
   1.9184449e-01
   1.2711408e-01
   1.4980538e-01
   6.3557040e-02
   1.0802620e-01
   7.6386055e-02
   8.4742720e-02
   1.6546545e-01
   1.7080441e-01
   2.4797203e-01
   2.7541384e-01
   3.1494777e-01
   3.6015656e-01
   3.7541120e-01
   4.2845386e-01
   4.8773098e-01
   5.5123494e-01
   4.8910940e-01
   6.0295502e-01
   5.6847145e-01
   5.4673833e-01
   6.5812148e-01
   6.4433730e-01
   7.6415429e-01
   8.2732725e-01
   7.3785803e-01
   6.5264274e-01
   6.3592339e-01
   6.7329144e-01
   1.6546545e-01
   2.5510937e-01
   2.0865475e-01
   3.1280282e-01
   3.8891739e-01
   3.4940318e-01
   4.4891651e-01
   5.4303159e-01
   5.6530445e-01
   4.9458468e-01
   5.3006554e-01
   5.7358052e-01
   4.9139818e-01
   4.8910940e-01
   5.7044189e-01
   6.2560563e-01
   5.1720836e-01
   4.3623985e-01
   4.0696362e-01
   3.9407643e-01
   3.1494777e-01
   3.1494777e-01
   2.1837699e-01
   2.9961076e-01
   2.3686310e-01
   1.8101053e-01
   1.5423408e-01
   1.2353268e-01
   7.6386055e-02
   7.6386055e-02
   7.6386055e-02
   9.4745241e-02
   1.3399000e-01
   1.9184449e-01
   2.4155392e-01
   2.5773492e-01
   3.2407859e-01
   3.2059751e-01
   3.8134224e-01
   4.4691241e-01
   5.1021874e-01
   4.3210478e-01
   5.4468214e-01
   5.0357786e-01
   4.7608894e-01
   5.8864174e-01
   5.7004835e-01
   6.8975577e-01
   7.5141996e-01
   6.6186180e-01
   5.7631280e-01
   5.5971909e-01
   5.9809692e-01
   1.8949048e-01
   2.7622747e-01
   2.5773492e-01
   3.5513671e-01
   4.2897732e-01
   4.0475185e-01
   4.9865168e-01
   5.9092478e-01
   6.2020151e-01
   5.5245494e-01
   5.9357723e-01
   6.4119502e-01
   5.6092063e-01
   5.6291751e-01
   6.4538133e-01
   7.0169070e-01
   5.9357723e-01
   5.1241324e-01
   4.8310783e-01
   4.6656620e-01
   3.8949399e-01
   3.7898096e-01
   2.8522094e-01
   3.3963229e-01
   2.7622747e-01
   2.1185680e-01
   2.1811992e-01
   1.4829976e-01
   1.4980538e-01
   8.4742720e-02
   7.6386055e-02
   1.1408838e-01
   8.7350796e-02
   1.7080441e-01
   1.9067112e-01
   2.3686310e-01
   2.7541384e-01
   2.9508238e-01
   3.4487788e-01
   4.0308505e-01
   4.6656620e-01
   4.0916344e-01
   5.2324770e-01
   4.9413072e-01
   4.8031259e-01
   5.8902286e-01
   5.8596695e-01
   7.0551813e-01
   7.7581254e-01
   6.8747450e-01
   6.0703535e-01
   5.9809692e-01
   6.4329158e-01
   7.6386055e-02
   1.6546545e-01
   1.4829976e-01
   2.4155392e-01
   3.1494777e-01
   2.9659952e-01
   3.8660238e-01
   4.7797073e-01
   5.1021874e-01
   4.4489928e-01
   4.9139818e-01
   5.4468214e-01
   4.6896502e-01
   4.8357214e-01
   5.7044189e-01
   6.3557040e-01
   5.3929937e-01
   4.5041373e-01
   4.3675398e-01
   4.4540341e-01
   3.6015656e-01
   3.8660238e-01
   2.8912826e-01
   3.9064464e-01
   3.2889020e-01
   2.7541384e-01
   2.3304248e-01
   2.1811992e-01
   1.4829976e-01
   1.6546545e-01
   9.4745241e-02
   1.1408838e-01
   9.4745241e-02
   1.0802620e-01
   1.8224611e-01
   1.6948544e-01
   2.5598754e-01
   2.3304248e-01
   2.9961076e-01
   3.6999199e-01
   4.3210478e-01
   3.4160882e-01
   4.5289811e-01
   4.0916344e-01
   3.8193028e-01
   4.9413072e-01
   4.7937721e-01
   5.9922152e-01
   6.6524384e-01
   5.7631280e-01
   4.9413072e-01
   4.8403599e-01
   5.2964200e-01
   1.4829976e-01
   2.2118499e-01
   2.3686310e-01
   3.1849061e-01
   3.8660238e-01
   3.8368898e-01
   4.6656620e-01
   5.5448231e-01
   5.9319904e-01
   5.3133415e-01
   5.8173887e-01
   6.3733343e-01
   5.6291751e-01
   5.7825653e-01
   6.6490641e-01
   7.2898444e-01
   6.2989555e-01
   5.4261816e-01
   5.2453279e-01
   5.2324770e-01
   4.4084544e-01
   4.4891651e-01
   3.5212232e-01
   4.2371360e-01
   3.6015656e-01
   2.9735519e-01
   2.8815640e-01
   2.3400348e-01
   2.0865475e-01
   1.7080441e-01
   1.3399000e-01
   8.7350796e-02
   9.4745241e-02
   8.9883228e-02
   1.0802620e-01
   1.5277211e-01
   1.9184449e-01
   2.0865475e-01
   2.5773492e-01
   3.1778520e-01
   3.8134224e-01
   3.2269066e-01
   4.3675398e-01
   4.1135150e-01
   4.0475185e-01
   5.1021874e-01
   5.1720836e-01
   6.3557040e-01
   7.1216664e-01
   6.2560563e-01
   5.5082768e-01
   5.5001224e-01
   6.0258271e-01
   1.0592840e-01
   1.4829976e-01
   1.9986530e-01
   2.5773492e-01
   3.1778520e-01
   3.3497501e-01
   4.0475185e-01
   4.8727064e-01
   5.3344179e-01
   4.7797073e-01
   5.3596002e-01
   5.9809692e-01
   5.3091162e-01
   5.5931800e-01
   6.4850332e-01
   7.1968974e-01
   6.3202959e-01
   5.4013098e-01
   5.3470239e-01
   5.5082768e-01
   4.6463823e-01
   4.9458468e-01
   3.9705491e-01
   4.9139818e-01
   4.2845386e-01
   3.6999199e-01
   3.3963229e-01
   3.0846816e-01
   2.5510937e-01
   2.4797203e-01
   1.9184449e-01
   1.7080441e-01
   1.0802620e-01
   8.9883228e-02
   9.4745241e-02
   6.6995002e-02
   1.5277211e-01
   1.2886746e-01
   1.9184449e-01
   2.6205239e-01
   3.2407859e-01
   2.4155392e-01
   3.5513671e-01
   3.2338537e-01
   3.1494777e-01
   4.2052374e-01
   4.2897732e-01
   5.4673833e-01
   6.2560563e-01
   5.4013098e-01
   4.6896502e-01
   4.7372620e-01
   5.3133415e-01
   1.9986530e-01
   2.3686310e-01
   2.9432087e-01
   3.4940318e-01
   4.0475185e-01
   4.2897732e-01
   4.9458468e-01
   5.7358052e-01
   6.2344960e-01
   5.7044189e-01
   6.2989555e-01
   6.9267778e-01
   6.2560563e-01
   6.5264274e-01
   7.4149880e-01
   8.1116535e-01
   7.1968974e-01
   6.2918259e-01
   6.1875244e-01
   6.2560563e-01
   5.4137600e-01
   5.5609888e-01
   4.5892799e-01
   5.3006554e-01
   4.6656620e-01
   4.0252792e-01
   3.9578116e-01
   3.3897088e-01
   3.1494777e-01
   2.7541384e-01
   2.4155392e-01
   1.9067112e-01
   1.8224611e-01
   1.0802620e-01
   9.4745241e-02
   1.0802620e-01
   8.4742720e-02
   1.3565454e-01
   1.6134533e-01
   2.1291345e-01
   2.7622747e-01
   2.4155392e-01
   3.5259999e-01
   3.4487788e-01
   3.6015656e-01
   4.5339335e-01
   4.8403599e-01
   5.9697021e-01
   6.8453027e-01
   6.0295502e-01
   5.4013098e-01
   5.5245494e-01
   6.1438472e-01
   1.4211786e-01
   1.4211786e-01
   2.2520687e-01
   2.5598754e-01
   3.0333277e-01
   3.4160882e-01
   3.9578116e-01
   4.7039843e-01
   5.2410478e-01
   4.7608894e-01
   5.4013098e-01
   6.0703535e-01
   5.4673833e-01
   5.8443301e-01
   6.7429064e-01
   7.4962588e-01
   6.6995002e-01
   5.7631280e-01
   5.7825653e-01
   6.0295502e-01
   5.1590502e-01
   5.5448231e-01
   4.5745863e-01
   5.5730823e-01
   4.9458468e-01
   4.3675398e-01
   4.0252792e-01
   3.7541120e-01
   3.1778520e-01
   3.1494777e-01
   2.5773492e-01
   2.3686310e-01
   1.6948544e-01
   1.5277211e-01
   6.6995002e-02
   1.0802620e-01
   1.2353268e-01
   6.3557040e-02
   1.3399000e-01
   2.0865475e-01
   2.6798001e-01
   1.7470159e-01
   2.8815640e-01
   2.5860418e-01
   2.5860418e-01
   3.5953291e-01
   3.7898096e-01
   4.9413072e-01
   5.7864449e-01
   4.9594405e-01
   4.3210478e-01
   4.4540341e-01
   5.0889750e-01
   2.5510937e-01
   2.6545581e-01
   3.4487788e-01
   3.7898096e-01
   4.2212168e-01
   4.6512098e-01
   5.1590502e-01
   5.8596695e-01
   6.4329158e-01
   5.9809692e-01
   6.6321669e-01
   7.3052206e-01
   6.6995002e-01
   7.0551813e-01
   7.9523943e-01
   8.6887120e-01
   7.8415640e-01
   6.9170515e-01
   6.8747450e-01
   7.0137080e-01
   6.1584407e-01
   6.3733343e-01
   5.3981927e-01
   6.1474988e-01
   5.5123494e-01
   4.8727064e-01
   4.7797073e-01
   4.2371360e-01
   3.9578116e-01
   3.6015656e-01
   3.2407859e-01
   2.7541384e-01
   2.5598754e-01
   1.9184449e-01
   1.5277211e-01
   8.4742720e-02
   1.2353268e-01
   1.0592840e-01
   8.9883228e-02
   1.2886746e-01
   1.9184449e-01
   1.8224611e-01
   2.8502417e-01
   2.9432087e-01
   3.2889020e-01
   4.0751469e-01
   4.5733597e-01
   5.6291751e-01
   6.5778039e-01
   5.8173887e-01
   5.3006554e-01
   5.5245494e-01
   6.2020151e-01
   2.0098501e-01
   1.7976646e-01
   2.7622747e-01
   2.8815640e-01
   3.2269066e-01
   3.7720031e-01
   4.1730950e-01
   4.8310783e-01
   5.4303159e-01
   5.0223915e-01
   5.7044189e-01
   6.4049465e-01
   5.8596695e-01
   6.2989555e-01
   7.1968974e-01
   7.9749383e-01
   7.2311167e-01
   6.2882581e-01
   6.3486382e-01
   6.6355498e-01
   5.7631280e-01
   6.1766340e-01
   5.2077573e-01
   6.2020151e-01
   5.5730823e-01
   4.9865168e-01
   4.6608496e-01
   4.3675398e-01
   3.8134224e-01
   3.7541120e-01
   3.2059751e-01
   2.9508238e-01
   2.3304248e-01
   2.0865475e-01
   1.2886746e-01
   1.3565454e-01
   6.3557040e-02
   1.0592840e-01
   7.6386055e-02
   1.5277211e-01
   2.0865475e-01
   1.1408838e-01
   2.2817676e-01
   2.0972753e-01
   2.2817676e-01
   3.1778520e-01
   3.5513671e-01
   4.6463823e-01
   5.5609888e-01
   4.7797073e-01
   4.2424291e-01
   4.4691241e-01
   5.1546984e-01
   2.7541384e-01
   2.5510937e-01
   3.5259999e-01
   3.6077913e-01
   3.8891739e-01
   4.5041373e-01
   4.8357214e-01
   5.4303159e-01
   6.0666555e-01
   5.7044189e-01
   6.4049465e-01
   7.1185146e-01
   6.5982425e-01
   7.0551813e-01
   7.9523943e-01
   8.7350796e-01
   7.9946122e-01
   7.0519997e-01
   7.1058931e-01
   7.3694503e-01
   6.4988606e-01
   6.8616751e-01
   5.8873705e-01
   6.7926457e-01
   6.1584407e-01
   5.5448231e-01
   5.3133415e-01
   4.9139818e-01
   4.4691241e-01
   4.2845386e-01
   3.8134224e-01
   3.4487788e-01
   2.9961076e-01
   2.5773492e-01
   1.9184449e-01
   1.6134533e-01
   1.3399000e-01
   8.9883228e-02
   7.6386055e-02
   7.6386055e-02
   1.3399000e-01
   9.4745241e-02
   1.9532232e-01
   2.0865475e-01
   2.5510937e-01
   3.2269066e-01
   3.8368898e-01
   4.8310783e-01
   5.8173887e-01
   5.1021874e-01
   4.6800697e-01
   4.9865168e-01
   5.7044189e-01
   3.5068540e-01
   3.3093090e-01
   4.2897732e-01
   4.3469381e-01
   4.5831633e-01
   5.2453279e-01
   5.5245494e-01
   6.0666555e-01
   6.7295805e-01
   6.4049465e-01
   7.1185146e-01
   7.8415640e-01
   7.3419921e-01
   7.8128927e-01
   8.7093503e-01
   9.4958178e-01
   8.7581714e-01
   7.8157646e-01
   7.8644257e-01
   8.1088865e-01
   7.2404211e-01
   7.5618337e-01
   6.5854758e-01
   7.4149880e-01
   6.7794176e-01
   6.1474988e-01
   5.9922152e-01
   5.5123494e-01
   5.1546984e-01
   4.8773098e-01
   4.4691241e-01
   4.0308505e-01
   3.6999199e-01
   3.1778520e-01
   2.6205239e-01
   2.1291345e-01
   2.0865475e-01
   1.2886746e-01
   1.5277211e-01
   7.6386055e-02
   6.3557040e-02
   1.2886746e-01
   1.8949048e-01
   2.3400348e-01
   2.9961076e-01
   3.4487788e-01
   4.2424291e-01
   5.1241324e-01
   6.1584407e-01
   5.5123494e-01
   5.1937333e-01
   5.5609888e-01
   6.2989555e-01
   4.0916344e-01
   3.8193028e-01
   4.8357214e-01
   4.8031259e-01
   4.9639635e-01
   5.7004835e-01
   5.8902286e-01
   6.3592339e-01
   7.0519997e-01
   6.7827270e-01
   7.5141996e-01
   8.2515436e-01
   7.7956393e-01
   8.3057593e-01
   9.1980991e-01
   1.0000000e+00
   9.3024195e-01
   8.3569384e-01
   8.4344553e-01
   8.7093503e-01
   7.8387016e-01
   8.1860107e-01
   7.2101377e-01
   8.0505584e-01
   7.4149880e-01
   6.7827270e-01
   6.6220078e-01
   6.1474988e-01
   5.7825653e-01
   5.5123494e-01
   5.1021874e-01
   4.6656620e-01
   4.3210478e-01
   3.8134224e-01
   3.2407859e-01
   2.7622747e-01
   2.6798001e-01
   1.9184449e-01
   2.0865475e-01
   1.3399000e-01
   6.3557040e-02
   1.5277211e-01
   1.7080441e-01
   2.3686310e-01
   3.1494777e-01
   3.3897088e-01
   4.3210478e-01
   5.0845632e-01
   6.1474988e-01
   5.5730823e-01
   5.3596002e-01
   5.7864449e-01
   6.5401673e-01
   2.9735519e-01
   2.4797203e-01
   3.5513671e-01
   3.3497501e-01
   3.4487788e-01
   4.2371360e-01
   4.3675398e-01
   4.8357214e-01
   5.5245494e-01
   5.2624137e-01
   5.9997008e-01
   6.7429064e-01
   6.3202959e-01
   6.8747450e-01
   7.7581254e-01
   8.5795465e-01
   7.9608558e-01
   7.0137080e-01
   7.1687783e-01
   7.5618337e-01
   6.6894434e-01
   7.2062460e-01
   6.2497756e-01
   7.3144308e-01
   6.6894434e-01
   6.1145557e-01
   5.7358052e-01
   5.5001224e-01
   4.8910940e-01
   4.8910940e-01
   4.3210478e-01
   4.0916344e-01
   3.4160882e-01
   3.2269066e-01
   2.4155392e-01
   2.4155392e-01
   1.7470159e-01
   1.8224611e-01
   1.1408838e-01
   9.4745241e-02
   1.2886746e-01
   1.5277211e-01
   1.1408838e-01
   1.1408838e-01
   1.7080441e-01
   2.2817676e-01
   2.9659952e-01
   3.9064464e-01
   4.9139818e-01
   4.2371360e-01
   3.9064464e-01
   4.2897732e-01
   5.0357786e-01
   4.0308505e-01
   3.4160882e-01
   4.4941614e-01
   4.0916344e-01
   3.9973061e-01
   4.9276635e-01
   4.8310783e-01
   5.1021874e-01
   5.8443301e-01
   5.7240555e-01
   6.4850332e-01
   7.2466175e-01
   6.9397251e-01
   7.5796193e-01
   8.4371156e-01
   9.2855170e-01
   8.7786464e-01
   7.8387016e-01
   8.0672666e-01
   8.5402206e-01
   7.6737796e-01
   8.2651308e-01
   7.3213308e-01
   8.4344553e-01
   7.8128927e-01
   7.2466175e-01
   6.8321765e-01
   6.6355498e-01
   5.9922152e-01
   6.0295502e-01
   5.4468214e-01
   5.2324770e-01
   4.5289811e-01
   4.3675398e-01
   3.5513671e-01
   3.5259999e-01
   2.8815640e-01
   2.8502417e-01
   2.2817676e-01
   1.9532232e-01
   1.8949048e-01
   1.7080441e-01
   1.1408838e-01
   8.9883228e-02
   1.7976646e-01
   1.7080441e-01
   2.7541384e-01
   3.3963229e-01
   4.4691241e-01
   3.9578116e-01
   3.8891739e-01
   4.4084544e-01
   5.1720836e-01
   3.4940318e-01
   2.7622747e-01
   3.8134224e-01
   3.2889020e-01
   3.1280282e-01
   4.0916344e-01
   3.9407643e-01
   4.2052374e-01
   4.9458468e-01
   4.8310783e-01
   5.5931800e-01
   6.3557040e-01
   6.0703535e-01
   6.7329144e-01
   7.5796193e-01
   8.4344553e-01
   7.9749383e-01
   7.0424463e-01
   7.3144308e-01
   7.8501449e-01
   6.9944836e-01
   7.6737796e-01
   6.7570364e-01
   7.9749383e-01
   7.3694503e-01
   6.8453027e-01
   6.3202959e-01
   6.2596425e-01
   5.5001224e-01
   5.6847145e-01
   5.0357786e-01
   4.9413072e-01
   4.0916344e-01
   4.1135150e-01
   3.2338537e-01
   3.4487788e-01
   2.5860418e-01
   2.9432087e-01
   2.0972753e-01
   2.0865475e-01
   2.3400348e-01
   2.3686310e-01
   1.1408838e-01
   8.9883228e-02
   8.9883228e-02
   1.1408838e-01
   1.9532232e-01
   2.7865411e-01
   3.8193028e-01
   3.2059751e-01
   3.0333277e-01
   3.5259999e-01
   4.2897732e-01
   3.1280282e-01
   2.2817676e-01
   3.2407859e-01
   2.5510937e-01
   2.2817676e-01
   3.2889020e-01
   3.0554422e-01
   3.3093090e-01
   4.0475185e-01
   3.9407643e-01
   4.7039843e-01
   5.4673833e-01
   5.2109883e-01
   5.9016475e-01
   6.7329144e-01
   7.5944088e-01
   7.1937785e-01
   6.2739666e-01
   6.5982425e-01
   7.2062460e-01
   6.3698121e-01
   7.1468314e-01
   6.2712833e-01
   7.5944088e-01
   7.0137080e-01
   6.5435977e-01
   5.9016475e-01
   5.9959591e-01
   5.1197509e-01
   5.4673833e-01
   4.7608894e-01
   4.8031259e-01
   3.8193028e-01
   4.0475185e-01
   3.1494777e-01
   3.6015656e-01
   2.5860418e-01
   3.2889020e-01
   2.2817676e-01
   2.5510937e-01
   2.9961076e-01
   3.1494777e-01
   1.7080441e-01
   1.7976646e-01
   8.9883228e-02
   1.1408838e-01
   1.2886746e-01
   2.3686310e-01
   3.2889020e-01
   2.5510937e-01
   2.2118499e-01
   2.6545581e-01
   3.4160882e-01
   4.2635358e-01
   3.4226513e-01
   4.3675398e-01
   3.6077913e-01
   3.2059751e-01
   4.2582690e-01
   3.8193028e-01
   3.8193028e-01
   4.5831633e-01
   4.6463823e-01
   5.4013098e-01
   6.1584407e-01
   6.0295502e-01
   6.7827270e-01
   7.5707317e-01
   8.4424336e-01
   8.1502938e-01
   7.2528085e-01
   7.6297867e-01
   8.2868241e-01
   7.4632553e-01
   8.2732725e-01
   7.4066604e-01
   8.7350796e-01
   8.1530468e-01
   7.6767035e-01
   7.0424463e-01
   7.1216664e-01
   6.2596425e-01
   6.5812148e-01
   5.8864174e-01
   5.8902286e-01
   4.9413072e-01
   5.1021874e-01
   4.2052374e-01
   4.5339335e-01
   3.5953291e-01
   4.0751469e-01
   3.1778520e-01
   3.2269066e-01
   3.4487788e-01
   3.3897088e-01
   2.2817676e-01
   1.7080441e-01
   1.1408838e-01
   1.1408838e-01
   1.1984430e-01
   1.6948544e-01
   2.7622747e-01
   2.2817676e-01
   2.3968861e-01
   3.0110509e-01
   3.7481294e-01
   4.0475185e-01
   3.1494777e-01
   3.8891739e-01
   2.9508238e-01
   2.3686310e-01
   3.4160882e-01
   2.7865411e-01
   2.6545581e-01
   3.4160882e-01
   3.5513671e-01
   4.2897732e-01
   5.0357786e-01
   4.9865168e-01
   5.7825653e-01
   6.5264274e-01
   7.3998399e-01
   7.2155826e-01
   6.3557040e-01
   6.8091448e-01
   7.5618337e-01
   6.7827270e-01
   7.7117039e-01
   6.9178626e-01
   8.3569384e-01
   7.8157646e-01
   7.4149880e-01
   6.6490641e-01
   6.9170515e-01
   5.9357723e-01
   6.4433730e-01
   5.7004835e-01
   5.8596695e-01
   4.7937721e-01
   5.1720836e-01
   4.2897732e-01
   4.8403599e-01
   3.7898096e-01
   4.5733597e-01
   3.5513671e-01
   3.8368898e-01
   4.2424291e-01
   4.3210478e-01
   2.9659952e-01
   2.7541384e-01
   1.9532232e-01
   1.2886746e-01
   1.1984430e-01
   1.1984430e-01
   2.0098501e-01
   1.2711408e-01
   1.1984430e-01
   1.8224611e-01
   2.5510937e-01
   5.2453279e-01
   4.3469381e-01
   5.0535730e-01
   4.0751469e-01
   3.4226513e-01
   4.4236998e-01
   3.6264043e-01
   3.2059751e-01
   3.9064464e-01
   4.2424291e-01
   4.9139818e-01
   5.6092063e-01
   5.7240555e-01
   6.5675608e-01
   7.2311167e-01
   8.0950369e-01
   8.0617010e-01
   7.2528085e-01
   7.7696875e-01
   8.5847763e-01
   7.8387016e-01
   8.8194538e-01
   8.0568280e-01
   9.5217789e-01
   8.9908192e-01
   8.6030557e-01
   7.8157646e-01
   8.1116535e-01
   7.1185146e-01
   7.6415429e-01
   6.8975577e-01
   7.0551813e-01
   5.9922152e-01
   6.3557040e-01
   5.4673833e-01
   5.9697021e-01
   4.9413072e-01
   5.6291751e-01
   4.6463823e-01
   4.8310783e-01
   5.1241324e-01
   5.0845632e-01
   3.9064464e-01
   3.3963229e-01
   2.7865411e-01
   2.3686310e-01
   1.6948544e-01
   1.1984430e-01
   1.0802620e-01
   9.4745241e-02
   1.6948544e-01
   2.3400348e-01
   2.8815640e-01
   5.8902286e-01
   5.0000000e-01
   5.5448231e-01
   4.5041373e-01
   3.7720031e-01
   4.6512098e-01
   3.6999199e-01
   3.0333277e-01
   3.6077913e-01
   4.1135150e-01
   4.6800697e-01
   5.2964200e-01
   5.5730823e-01
   6.4433730e-01
   7.0041024e-01
   7.8415640e-01
   7.9777518e-01
   7.2466175e-01
   7.8387016e-01
   8.7350796e-01
   8.0533455e-01
   9.1196909e-01
   8.4351204e-01
   9.9595231e-01
   9.4674155e-01
   9.1393560e-01
   8.2732725e-01
   8.6938762e-01
   7.6415429e-01
   8.2732725e-01
   7.5141996e-01
   7.7581254e-01
   6.6524384e-01
   7.1216664e-01
   6.2560563e-01
   6.8453027e-01
   5.7864449e-01
   6.5778039e-01
   5.5609888e-01
   5.8173887e-01
   6.1584407e-01
   6.1474988e-01
   4.9139818e-01
   4.4691241e-01
   3.8193028e-01
   3.2889020e-01
   2.7622747e-01
   2.0098501e-01
   1.0802620e-01
   8.9883228e-02
   1.8224611e-01
   2.2817676e-01
   2.5510937e-01
   5.0000000e-01
   4.1135150e-01
   4.6463823e-01
   3.6077913e-01
   2.8815640e-01
   3.7898096e-01
   2.8815640e-01
   2.3304248e-01
   2.9961076e-01
   3.3963229e-01
   4.0308505e-01
   4.7039843e-01
   4.8773098e-01
   5.7358052e-01
   6.3592339e-01
   7.2155826e-01
   7.2528085e-01
   6.4815717e-01
   7.0424463e-01
   7.9099510e-01
   7.2062460e-01
   8.2515436e-01
   7.5506964e-01
   9.0678670e-01
   8.5716957e-01
   8.2406576e-01
   7.3785803e-01
   7.7956393e-01
   6.7429064e-01
   7.3785803e-01
   6.6186180e-01
   6.8747450e-01
   5.7631280e-01
   6.2560563e-01
   5.4013098e-01
   6.0295502e-01
   4.9594405e-01
   5.8173887e-01
   4.7797073e-01
   5.1021874e-01
   5.5123494e-01
   5.5730823e-01
   4.2371360e-01
   3.9578116e-01
   3.2059751e-01
   2.5510937e-01
   2.2817676e-01
   1.2711408e-01
   9.4745241e-02
   8.9883228e-02
   9.4745241e-02
   1.4980538e-01
   1.9532232e-01
   4.1784692e-01
   3.3160834e-01
   3.7481294e-01
   2.6964968e-01
   1.9532232e-01
   2.8423572e-01
   1.9532232e-01
   1.5423408e-01
   2.2817676e-01
   2.5510937e-01
   3.2407859e-01
   3.9578116e-01
   4.0308505e-01
   4.8727064e-01
   5.5448231e-01
   6.4119502e-01
   6.3698121e-01
   5.5730823e-01
   6.1145557e-01
   6.9687685e-01
   6.2596425e-01
   7.3052206e-01
   6.6126816e-01
   8.1392724e-01
   7.6532811e-01
   7.3419921e-01
   6.4572896e-01
   6.9170515e-01
   5.8443301e-01
   6.5264274e-01
   5.7631280e-01
   6.0703535e-01
   4.9413072e-01
   5.5082768e-01
   4.6896502e-01
   5.4013098e-01
   4.3210478e-01
   5.3006554e-01
   4.2424291e-01
   4.6800697e-01
   5.1937333e-01
   5.3596002e-01
   3.9064464e-01
   3.8891739e-01
   3.0333277e-01
   2.2118499e-01
   2.3968861e-01
   1.1984430e-01
   1.6948544e-01
   1.8224611e-01
   9.4745241e-02
   6.6995002e-02
   1.3565454e-01
   4.0916344e-01
   3.2889020e-01
   3.5259999e-01
   2.4706536e-01
   1.7080441e-01
   2.4155392e-01
   1.4211786e-01
   8.7350796e-02
   1.6134533e-01
   1.9067112e-01
   2.5773492e-01
   3.2889020e-01
   3.3897088e-01
   4.2424291e-01
   4.8910940e-01
   5.7553347e-01
   5.7553347e-01
   4.9865168e-01
   5.5609888e-01
   6.4538133e-01
   5.7825653e-01
   6.8747450e-01
   6.2389939e-01
   7.7956393e-01
   7.3419921e-01
   7.0805826e-01
   6.1438472e-01
   6.6995002e-01
   5.5931800e-01
   6.3592339e-01
   5.5971909e-01
   5.9809692e-01
   4.8403599e-01
   5.5001224e-01
   4.7372620e-01
   5.5245494e-01
   4.4540341e-01
   5.5245494e-01
   4.4691241e-01
   4.9865168e-01
   5.5609888e-01
   5.7864449e-01
   4.2897732e-01
   4.4084544e-01
   3.5259999e-01
   2.6545581e-01
   3.0110509e-01
   1.8224611e-01
   2.3400348e-01
   2.2817676e-01
   1.4980538e-01
   6.6995002e-02
   7.6386055e-02
   4.5733597e-01
   3.8368898e-01
   3.8949399e-01
   2.8815640e-01
   2.1605239e-01
   2.5860418e-01
   1.5277211e-01
   5.9922152e-02
   1.0592840e-01
   1.6134533e-01
   2.1291345e-01
   2.7622747e-01
   3.0333277e-01
   3.9064464e-01
   4.4540341e-01
   5.2964200e-01
   5.4468214e-01
   4.7608894e-01
   5.4013098e-01
   6.3592339e-01
   5.7631280e-01
   6.9170515e-01
   6.3706928e-01
   7.9523943e-01
   7.5440061e-01
   7.3450480e-01
   6.3557040e-01
   7.0169070e-01
   5.8864174e-01
   6.7329144e-01
   5.9809692e-01
   6.4329158e-01
   5.2964200e-01
   6.0258271e-01
   5.3133415e-01
   6.1438472e-01
   5.0889750e-01
   6.2020151e-01
   5.1546984e-01
   5.7044189e-01
   6.2989555e-01
   6.5401673e-01
   5.0357786e-01
   5.1720836e-01
   4.2897732e-01
   3.4160882e-01
   3.7481294e-01
   2.5510937e-01
   2.8815640e-01
   2.5510937e-01
   1.9532232e-01
   1.3565454e-01
   7.6386055e-02
