C:\Users\Administrator\AppData\Local\Programs\Python\Python312\python.exe C:\Users\Administrator\Desktop\EA_submodular\example\MC\tmd这才对\MC_Jiao回档并修改_算法等同WrongHamm.py 
595
[ 5477  5330  4625  4226  3601  5042  3845  4226  3845  5330  5185  3601
  5626  5777  6242  3482  2501  3365  5042  4625  4226  3137  5185  3845
  4097  3482  3722  5930  2810  5330  3845  5185  3970  3722  4625  4226
  5042  4625  5330  3482  3722  4490  4357  4357  4762  5042  3845  4625
  5042  4762  3845 10405 15877 12322 11665 11882 14642 13690 13226 12322
 14885 11450 12770 12545 12545 13226 14642 11026  5930  6890  6890  8101
  7570  8101  6562  7745  8282  9802  8101  8282  8465  6242  9802  6890
  7397 10202  8465  8837  8837  8465 10405  9802  7745 13457  8650 10610
 11450  8650  9410  9605 12322  8465 13457 10610 14162 13690 12545 13457
 16130 15377 15626 15626 16901 14162 13690 12770 13457 10405 13457 13925
 11026 12322  9605 10001  9605 10610 14162 11237 10405 12101 11882 13457
 10202 10405 11026 10202  7397  5626  7745  9605  6085  7397  7057  7745
  7397  7570  9410  9605  8465  9605  9217  9802  5930 12101  8650  9217
  8650  8837  7745  9026  6890  6562  9605 10001  8101  7570  6890  8837
 10001  7226  9026  8650  8837 11882  9410 11237  8650  8650  9605 10817
  8650  9026  9217  7397 11882  7922  8282 12770 11026 12545  9217 12545
 16385 15130 14401 12101 12770 13457 13226 13457 10610 15626 16901 12545
  5042  5185  5477  6725  6562  7057  4357  5930  3601  5777  5330  6562
  7057  5330  7226  6085  5626 10202 13226  9217 12770 10202  9026 12322
 11450  8465 11026 12770  8101 12101 12770  9605 11237  9026  4097  5185
  4357  4097  4490  4762  4357  4490  4357  5185  4901  5626  3722  5477
  6242  4490  4762 10610  7397  8465  8650  8101 12101  8837  7397 11665
 11450 10817 12101  8837  9410 10405  8650 12101 12322 10817 12322 10405
 12322 14162 13226 11665 12101 12101 16642 11026 11882 11450 13457 13690
 13690  9802  7570  8650 12322  8650 10817 12770  8837 11450 11450 10001
 11882  9410  8465 10202 10405 11450 14162 14162 13226 17425 11450 13690
 14401 10405 15130 10202 10817 14401 13457 16385 12997 12101 12770 11450
  8650  9410  6562 11450 10202 10817  8837  9410  8837  9802  8650 10202
  9026 10001 10610  9605  5626  5477  7397  5185  3970  5626  6562  4625
  4357  4762  5626  4097  4762  4357  4226  3137  5185  7922  9217  7397
  8465  8101  8101  6725  8465  8101  7057  8282  7922  9026  6890  7570
  5930  8650 10610 11237 12545 16901 11665 10405 10202 12322 14642 11665
 12770 10610 10001 12770 12997 13925 13690  9026  9410 10610 12770 10610
  9802 11882 11026 10202  9410 12101 11450 12101 11450 12770  9605 11450
  8101  9026  6242  5777  8101  8465  6085  9605  7226 10001  7570  9026
  8837  7226  7057  8101  7745 13690 11237 11450 12322 11237 10817 10817
 10202 12322 12322 12545 11237  9217 12322 10405  9026  9026 11665 11665
 11237  8650 10001  8837 10405  9026 11026 11665 10405 12101 10817  8101
  9217 10610 12770  9217 10202  8101  9605  9026 10610 10001  8837 12101
 10405 10202  9026 10817 10405 10610  9026 10405  5477  5626  2810  4097
  4490  6725  5930  5330  6562  5185  5330  7397  6562  5777  3845  4762
  5477  4357  3845  3845  3250  4490  5042  3250  4357  3250  3137  3365
  4226  3845  3970  3722  3601  4357 12101 11450 12770 11665 14162 12770
  9802  9026 13690  9217 12101 11450  9410  9802 12322 14885 10405 17425
 17425 15877 14162 15130 13690 14401 16385 14401 13226 14642 14401 16642
 15626 12545 14885 14162  5930  5477  7745  7745  5777  7570  6562  6401
  7057  6401  6242  6725  5626  4901  8650  4357  6890  9026 11665  9026
 12101 10202  9410 11237  9605 10610  7570  9410  8650  7397  7922 10202
 11237  6242  6242  6401  6890  7397  5626  7057  7745  5477  5626  6242
  7570  6725  5330  5185  5477  5477  4625]
40000
30902.378151260506 40000 49097.621848739494
10000 452.0 popsize 151
20000 457.0 popsize 151
30000 458.0 popsize 151
40000 458.0 popsize 151
50000 461.0 popsize 151
60000 461.0 popsize 151
70000 461.0 popsize 151
80000 461.0 popsize 151
90000 461.0 popsize 151
100000 461.0 popsize 151
110000 461.0 popsize 151
120000 461.0 popsize 151
130000 461.0 popsize 151
140000 461.0 popsize 151
150000 461.0 popsize 151
160000 461.0 popsize 151
170000 465.0 popsize 151
180000 465.0 popsize 151
190000 465.0 popsize 151
200000 465.0 popsize 151
210000 465.0 popsize 151
220000 465.0 popsize 151
230000 465.0 popsize 151
240000 465.0 popsize 151
250000 465.0 popsize 151
260000 468.0 popsize 151
270000 468.0 popsize 151
280000 468.0 popsize 151
290000 468.0 popsize 151
300000 468.0 popsize 151
310000 468.0 popsize 151
320000 468.0 popsize 151
330000 468.0 popsize 151
340000 468.0 popsize 151
350000 468.0 popsize 151
360000 468.0 popsize 151
370000 468.0 popsize 151
380000 468.0 popsize 151
390000 468.0 popsize 151
400000 468.0 popsize 151
410000 468.0 popsize 151
420000 468.0 popsize 151
430000 468.0 popsize 151
440000 468.0 popsize 151
450000 468.0 popsize 151
460000 468.0 popsize 151
470000 468.0 popsize 151
480000 468.0 popsize 151
490000 468.0 popsize 151
500000 468.0 popsize 151
510000 468.0 popsize 151
520000 468.0 popsize 151
530000 468.0 popsize 151
540000 468.0 popsize 151
550000 468.0 popsize 151
560000 468.0 popsize 151
570000 468.0 popsize 151
580000 468.0 popsize 151
590000 468.0 popsize 151
600000 468.0 popsize 151
610000 468.0 popsize 151
620000 468.0 popsize 151
630000 468.0 popsize 151
640000 468.0 popsize 151
650000 468.0 popsize 151
660000 468.0 popsize 151
670000 468.0 popsize 151
680000 468.0 popsize 151
690000 468.0 popsize 151
700000 468.0 popsize 151
710000 468.0 popsize 151
720000 468.0 popsize 151
730000 468.0 popsize 151
740000 468.0 popsize 151
750000 468.0 popsize 151
760000 468.0 popsize 151
770000 468.0 popsize 151
780000 468.0 popsize 151
790000 468.0 popsize 151
800000 468.0 popsize 151
810000 468.0 popsize 151
820000 468.0 popsize 151
830000 468.0 popsize 151
840000 468.0 popsize 151
850000 468.0 popsize 151
860000 468.0 popsize 151
870000 468.0 popsize 151
880000 468.0 popsize 151
890000 468.0 popsize 151
900000 468.0 popsize 151
910000 468.0 popsize 151
920000 468.0 popsize 151
930000 468.0 popsize 151
940000 468.0 popsize 151
950000 468.0 popsize 151
960000 468.0 popsize 151
970000 468.0 popsize 151
980000 468.0 popsize 151
990000 468.0 popsize 151
1000000 468.0 popsize 151
1010000 468.0 popsize 151
1020000 468.0 popsize 151
1030000 468.0 popsize 151
1040000 468.0 popsize 151
1050000 468.0 popsize 151
1060000 468.0 popsize 151
1070000 468.0 popsize 151
1080000 468.0 popsize 151
1090000 468.0 popsize 151
1100000 468.0 popsize 151
1110000 468.0 popsize 151
1120000 468.0 popsize 151
1130000 468.0 popsize 151
1140000 468.0 popsize 151
1150000 468.0 popsize 151
1160000 468.0 popsize 151
1170000 468.0 popsize 151
1180000 468.0 popsize 151
1190000 468.0 popsize 151
1200000 468.0 popsize 151
595
[ 5477  5330  4625  4226  3601  5042  3845  4226  3845  5330  5185  3601
  5626  5777  6242  3482  2501  3365  5042  4625  4226  3137  5185  3845
  4097  3482  3722  5930  2810  5330  3845  5185  3970  3722  4625  4226
  5042  4625  5330  3482  3722  4490  4357  4357  4762  5042  3845  4625
  5042  4762  3845 10405 15877 12322 11665 11882 14642 13690 13226 12322
 14885 11450 12770 12545 12545 13226 14642 11026  5930  6890  6890  8101
  7570  8101  6562  7745  8282  9802  8101  8282  8465  6242  9802  6890
  7397 10202  8465  8837  8837  8465 10405  9802  7745 13457  8650 10610
 11450  8650  9410  9605 12322  8465 13457 10610 14162 13690 12545 13457
 16130 15377 15626 15626 16901 14162 13690 12770 13457 10405 13457 13925
 11026 12322  9605 10001  9605 10610 14162 11237 10405 12101 11882 13457
 10202 10405 11026 10202  7397  5626  7745  9605  6085  7397  7057  7745
  7397  7570  9410  9605  8465  9605  9217  9802  5930 12101  8650  9217
  8650  8837  7745  9026  6890  6562  9605 10001  8101  7570  6890  8837
 10001  7226  9026  8650  8837 11882  9410 11237  8650  8650  9605 10817
  8650  9026  9217  7397 11882  7922  8282 12770 11026 12545  9217 12545
 16385 15130 14401 12101 12770 13457 13226 13457 10610 15626 16901 12545
  5042  5185  5477  6725  6562  7057  4357  5930  3601  5777  5330  6562
  7057  5330  7226  6085  5626 10202 13226  9217 12770 10202  9026 12322
 11450  8465 11026 12770  8101 12101 12770  9605 11237  9026  4097  5185
  4357  4097  4490  4762  4357  4490  4357  5185  4901  5626  3722  5477
  6242  4490  4762 10610  7397  8465  8650  8101 12101  8837  7397 11665
 11450 10817 12101  8837  9410 10405  8650 12101 12322 10817 12322 10405
 12322 14162 13226 11665 12101 12101 16642 11026 11882 11450 13457 13690
 13690  9802  7570  8650 12322  8650 10817 12770  8837 11450 11450 10001
 11882  9410  8465 10202 10405 11450 14162 14162 13226 17425 11450 13690
 14401 10405 15130 10202 10817 14401 13457 16385 12997 12101 12770 11450
  8650  9410  6562 11450 10202 10817  8837  9410  8837  9802  8650 10202
  9026 10001 10610  9605  5626  5477  7397  5185  3970  5626  6562  4625
  4357  4762  5626  4097  4762  4357  4226  3137  5185  7922  9217  7397
  8465  8101  8101  6725  8465  8101  7057  8282  7922  9026  6890  7570
  5930  8650 10610 11237 12545 16901 11665 10405 10202 12322 14642 11665
 12770 10610 10001 12770 12997 13925 13690  9026  9410 10610 12770 10610
  9802 11882 11026 10202  9410 12101 11450 12101 11450 12770  9605 11450
  8101  9026  6242  5777  8101  8465  6085  9605  7226 10001  7570  9026
  8837  7226  7057  8101  7745 13690 11237 11450 12322 11237 10817 10817
 10202 12322 12322 12545 11237  9217 12322 10405  9026  9026 11665 11665
 11237  8650 10001  8837 10405  9026 11026 11665 10405 12101 10817  8101
  9217 10610 12770  9217 10202  8101  9605  9026 10610 10001  8837 12101
 10405 10202  9026 10817 10405 10610  9026 10405  5477  5626  2810  4097
  4490  6725  5930  5330  6562  5185  5330  7397  6562  5777  3845  4762
  5477  4357  3845  3845  3250  4490  5042  3250  4357  3250  3137  3365
  4226  3845  3970  3722  3601  4357 12101 11450 12770 11665 14162 12770
  9802  9026 13690  9217 12101 11450  9410  9802 12322 14885 10405 17425
 17425 15877 14162 15130 13690 14401 16385 14401 13226 14642 14401 16642
 15626 12545 14885 14162  5930  5477  7745  7745  5777  7570  6562  6401
  7057  6401  6242  6725  5626  4901  8650  4357  6890  9026 11665  9026
 12101 10202  9410 11237  9605 10610  7570  9410  8650  7397  7922 10202
 11237  6242  6242  6401  6890  7397  5626  7057  7745  5477  5626  6242
  7570  6725  5330  5185  5477  5477  4625]
40000
30902.378151260506 40000 49097.621848739494
10000 447.0 popsize 151
20000 453.0 popsize 151
30000 457.0 popsize 151
40000 459.0 popsize 151
50000 459.0 popsize 151
60000 461.0 popsize 151
70000 461.0 popsize 151
80000 461.0 popsize 151
90000 463.0 popsize 151
100000 463.0 popsize 151
110000 463.0 popsize 151
120000 463.0 popsize 151
130000 463.0 popsize 151
140000 463.0 popsize 151
150000 463.0 popsize 151
160000 463.0 popsize 151
170000 463.0 popsize 151
180000 463.0 popsize 151
190000 463.0 popsize 151
200000 463.0 popsize 151
210000 463.0 popsize 151
220000 463.0 popsize 151
230000 463.0 popsize 151
240000 463.0 popsize 151
250000 463.0 popsize 151
260000 463.0 popsize 151
270000 463.0 popsize 151
280000 463.0 popsize 151
290000 464.0 popsize 151
300000 464.0 popsize 151
310000 464.0 popsize 151
320000 464.0 popsize 151
330000 464.0 popsize 151
340000 464.0 popsize 151
350000 464.0 popsize 151
360000 464.0 popsize 151
370000 464.0 popsize 151
380000 464.0 popsize 151
390000 464.0 popsize 151
400000 464.0 popsize 151
410000 464.0 popsize 151
420000 464.0 popsize 151
430000 464.0 popsize 151
440000 464.0 popsize 151
450000 464.0 popsize 151
460000 464.0 popsize 151
470000 464.0 popsize 151
480000 464.0 popsize 151
490000 464.0 popsize 151
500000 464.0 popsize 151
510000 464.0 popsize 151
520000 464.0 popsize 151
530000 464.0 popsize 151
540000 464.0 popsize 151
550000 464.0 popsize 151
560000 464.0 popsize 151
570000 464.0 popsize 151
580000 464.0 popsize 151
590000 464.0 popsize 151
600000 464.0 popsize 151
610000 464.0 popsize 151
620000 464.0 popsize 151
630000 464.0 popsize 151
640000 464.0 popsize 151
650000 464.0 popsize 151
660000 464.0 popsize 151
670000 464.0 popsize 151
680000 464.0 popsize 151
690000 464.0 popsize 151
700000 464.0 popsize 151
710000 464.0 popsize 151
720000 464.0 popsize 151
730000 464.0 popsize 151
740000 464.0 popsize 151
750000 464.0 popsize 151
760000 464.0 popsize 151
770000 464.0 popsize 151
780000 464.0 popsize 151
790000 464.0 popsize 151
800000 464.0 popsize 151
810000 464.0 popsize 151
820000 464.0 popsize 151
830000 464.0 popsize 151
840000 464.0 popsize 151
850000 464.0 popsize 151
860000 464.0 popsize 151
870000 464.0 popsize 151
880000 464.0 popsize 151
890000 464.0 popsize 151
900000 464.0 popsize 151
910000 464.0 popsize 151
920000 464.0 popsize 151
930000 464.0 popsize 151
940000 464.0 popsize 151
950000 464.0 popsize 151
960000 464.0 popsize 151
970000 464.0 popsize 151
980000 464.0 popsize 151
990000 464.0 popsize 151
1000000 464.0 popsize 151
1010000 464.0 popsize 151
1020000 464.0 popsize 151
1030000 464.0 popsize 151
1040000 464.0 popsize 151
1050000 464.0 popsize 151
1060000 464.0 popsize 151
1070000 464.0 popsize 151
1080000 464.0 popsize 151
1090000 464.0 popsize 151
1100000 464.0 popsize 151
1110000 464.0 popsize 151
1120000 465.0 popsize 151
1130000 465.0 popsize 151
1140000 465.0 popsize 151
1150000 465.0 popsize 151
1160000 465.0 popsize 151
1170000 465.0 popsize 151
1180000 465.0 popsize 151
1190000 465.0 popsize 151
1200000 465.0 popsize 151
595
[ 5477  5330  4625  4226  3601  5042  3845  4226  3845  5330  5185  3601
  5626  5777  6242  3482  2501  3365  5042  4625  4226  3137  5185  3845
  4097  3482  3722  5930  2810  5330  3845  5185  3970  3722  4625  4226
  5042  4625  5330  3482  3722  4490  4357  4357  4762  5042  3845  4625
  5042  4762  3845 10405 15877 12322 11665 11882 14642 13690 13226 12322
 14885 11450 12770 12545 12545 13226 14642 11026  5930  6890  6890  8101
  7570  8101  6562  7745  8282  9802  8101  8282  8465  6242  9802  6890
  7397 10202  8465  8837  8837  8465 10405  9802  7745 13457  8650 10610
 11450  8650  9410  9605 12322  8465 13457 10610 14162 13690 12545 13457
 16130 15377 15626 15626 16901 14162 13690 12770 13457 10405 13457 13925
 11026 12322  9605 10001  9605 10610 14162 11237 10405 12101 11882 13457
 10202 10405 11026 10202  7397  5626  7745  9605  6085  7397  7057  7745
  7397  7570  9410  9605  8465  9605  9217  9802  5930 12101  8650  9217
  8650  8837  7745  9026  6890  6562  9605 10001  8101  7570  6890  8837
 10001  7226  9026  8650  8837 11882  9410 11237  8650  8650  9605 10817
  8650  9026  9217  7397 11882  7922  8282 12770 11026 12545  9217 12545
 16385 15130 14401 12101 12770 13457 13226 13457 10610 15626 16901 12545
  5042  5185  5477  6725  6562  7057  4357  5930  3601  5777  5330  6562
  7057  5330  7226  6085  5626 10202 13226  9217 12770 10202  9026 12322
 11450  8465 11026 12770  8101 12101 12770  9605 11237  9026  4097  5185
  4357  4097  4490  4762  4357  4490  4357  5185  4901  5626  3722  5477
  6242  4490  4762 10610  7397  8465  8650  8101 12101  8837  7397 11665
 11450 10817 12101  8837  9410 10405  8650 12101 12322 10817 12322 10405
 12322 14162 13226 11665 12101 12101 16642 11026 11882 11450 13457 13690
 13690  9802  7570  8650 12322  8650 10817 12770  8837 11450 11450 10001
 11882  9410  8465 10202 10405 11450 14162 14162 13226 17425 11450 13690
 14401 10405 15130 10202 10817 14401 13457 16385 12997 12101 12770 11450
  8650  9410  6562 11450 10202 10817  8837  9410  8837  9802  8650 10202
  9026 10001 10610  9605  5626  5477  7397  5185  3970  5626  6562  4625
  4357  4762  5626  4097  4762  4357  4226  3137  5185  7922  9217  7397
  8465  8101  8101  6725  8465  8101  7057  8282  7922  9026  6890  7570
  5930  8650 10610 11237 12545 16901 11665 10405 10202 12322 14642 11665
 12770 10610 10001 12770 12997 13925 13690  9026  9410 10610 12770 10610
  9802 11882 11026 10202  9410 12101 11450 12101 11450 12770  9605 11450
  8101  9026  6242  5777  8101  8465  6085  9605  7226 10001  7570  9026
  8837  7226  7057  8101  7745 13690 11237 11450 12322 11237 10817 10817
 10202 12322 12322 12545 11237  9217 12322 10405  9026  9026 11665 11665
 11237  8650 10001  8837 10405  9026 11026 11665 10405 12101 10817  8101
  9217 10610 12770  9217 10202  8101  9605  9026 10610 10001  8837 12101
 10405 10202  9026 10817 10405 10610  9026 10405  5477  5626  2810  4097
  4490  6725  5930  5330  6562  5185  5330  7397  6562  5777  3845  4762
  5477  4357  3845  3845  3250  4490  5042  3250  4357  3250  3137  3365
  4226  3845  3970  3722  3601  4357 12101 11450 12770 11665 14162 12770
  9802  9026 13690  9217 12101 11450  9410  9802 12322 14885 10405 17425
 17425 15877 14162 15130 13690 14401 16385 14401 13226 14642 14401 16642
 15626 12545 14885 14162  5930  5477  7745  7745  5777  7570  6562  6401
  7057  6401  6242  6725  5626  4901  8650  4357  6890  9026 11665  9026
 12101 10202  9410 11237  9605 10610  7570  9410  8650  7397  7922 10202
 11237  6242  6242  6401  6890  7397  5626  7057  7745  5477  5626  6242
  7570  6725  5330  5185  5477  5477  4625]
40000
30902.378151260506 40000 49097.621848739494
10000 439.0 popsize 151
20000 456.0 popsize 151
30000 459.0 popsize 151
40000 459.0 popsize 151
50000 459.0 popsize 151
60000 459.0 popsize 151
70000 459.0 popsize 151
80000 460.0 popsize 151
90000 460.0 popsize 151
100000 460.0 popsize 151
110000 460.0 popsize 151
120000 461.0 popsize 151
130000 461.0 popsize 151
140000 461.0 popsize 151
150000 462.0 popsize 151
160000 462.0 popsize 151
170000 463.0 popsize 151
180000 463.0 popsize 151
190000 463.0 popsize 151
200000 463.0 popsize 151
210000 463.0 popsize 151
220000 463.0 popsize 151
230000 464.0 popsize 151
240000 464.0 popsize 151
250000 464.0 popsize 151
260000 464.0 popsize 151
270000 464.0 popsize 151
280000 464.0 popsize 151
290000 464.0 popsize 151
300000 464.0 popsize 151
310000 465.0 popsize 151
320000 465.0 popsize 151
330000 465.0 popsize 151
340000 465.0 popsize 151
350000 465.0 popsize 151
360000 465.0 popsize 151
370000 465.0 popsize 151
380000 465.0 popsize 151
390000 465.0 popsize 151
400000 465.0 popsize 151
410000 465.0 popsize 151
420000 465.0 popsize 151
430000 465.0 popsize 151
440000 465.0 popsize 151
450000 465.0 popsize 151
460000 465.0 popsize 151
470000 465.0 popsize 151
480000 465.0 popsize 151
490000 465.0 popsize 151
500000 465.0 popsize 151
510000 465.0 popsize 151
520000 465.0 popsize 151
530000 465.0 popsize 151
540000 465.0 popsize 151
550000 468.0 popsize 151
560000 468.0 popsize 151
570000 468.0 popsize 151
580000 468.0 popsize 151
590000 468.0 popsize 151
600000 468.0 popsize 151
610000 468.0 popsize 151
620000 468.0 popsize 151
630000 468.0 popsize 151
640000 468.0 popsize 151
650000 468.0 popsize 151
660000 468.0 popsize 151
670000 468.0 popsize 151
680000 468.0 popsize 151
690000 468.0 popsize 151
700000 468.0 popsize 151
710000 468.0 popsize 151
720000 468.0 popsize 151
730000 468.0 popsize 151
740000 468.0 popsize 151
750000 468.0 popsize 151
760000 468.0 popsize 151
770000 468.0 popsize 151
780000 468.0 popsize 151
790000 468.0 popsize 151
800000 468.0 popsize 151
810000 468.0 popsize 151
820000 468.0 popsize 151
830000 468.0 popsize 151
840000 468.0 popsize 151
850000 468.0 popsize 151
860000 468.0 popsize 151
870000 468.0 popsize 151
880000 468.0 popsize 151
890000 468.0 popsize 151
900000 468.0 popsize 151
910000 468.0 popsize 151
920000 468.0 popsize 151
930000 468.0 popsize 151
940000 468.0 popsize 151
950000 468.0 popsize 151
960000 468.0 popsize 151
970000 468.0 popsize 151
980000 468.0 popsize 151
990000 468.0 popsize 151
1000000 468.0 popsize 151
1010000 468.0 popsize 151
1020000 468.0 popsize 151
1030000 468.0 popsize 151
1040000 468.0 popsize 151
1050000 468.0 popsize 151
1060000 468.0 popsize 151
1070000 468.0 popsize 151
1080000 468.0 popsize 151
1090000 468.0 popsize 151
1100000 468.0 popsize 151
1110000 468.0 popsize 151
1120000 468.0 popsize 151
1130000 468.0 popsize 151
1140000 468.0 popsize 151
1150000 468.0 popsize 151
1160000 468.0 popsize 151
1170000 468.0 popsize 151
1180000 468.0 popsize 151
1190000 468.0 popsize 151
1200000 468.0 popsize 151
595
[ 5477  5330  4625  4226  3601  5042  3845  4226  3845  5330  5185  3601
  5626  5777  6242  3482  2501  3365  5042  4625  4226  3137  5185  3845
  4097  3482  3722  5930  2810  5330  3845  5185  3970  3722  4625  4226
  5042  4625  5330  3482  3722  4490  4357  4357  4762  5042  3845  4625
  5042  4762  3845 10405 15877 12322 11665 11882 14642 13690 13226 12322
 14885 11450 12770 12545 12545 13226 14642 11026  5930  6890  6890  8101
  7570  8101  6562  7745  8282  9802  8101  8282  8465  6242  9802  6890
  7397 10202  8465  8837  8837  8465 10405  9802  7745 13457  8650 10610
 11450  8650  9410  9605 12322  8465 13457 10610 14162 13690 12545 13457
 16130 15377 15626 15626 16901 14162 13690 12770 13457 10405 13457 13925
 11026 12322  9605 10001  9605 10610 14162 11237 10405 12101 11882 13457
 10202 10405 11026 10202  7397  5626  7745  9605  6085  7397  7057  7745
  7397  7570  9410  9605  8465  9605  9217  9802  5930 12101  8650  9217
  8650  8837  7745  9026  6890  6562  9605 10001  8101  7570  6890  8837
 10001  7226  9026  8650  8837 11882  9410 11237  8650  8650  9605 10817
  8650  9026  9217  7397 11882  7922  8282 12770 11026 12545  9217 12545
 16385 15130 14401 12101 12770 13457 13226 13457 10610 15626 16901 12545
  5042  5185  5477  6725  6562  7057  4357  5930  3601  5777  5330  6562
  7057  5330  7226  6085  5626 10202 13226  9217 12770 10202  9026 12322
 11450  8465 11026 12770  8101 12101 12770  9605 11237  9026  4097  5185
  4357  4097  4490  4762  4357  4490  4357  5185  4901  5626  3722  5477
  6242  4490  4762 10610  7397  8465  8650  8101 12101  8837  7397 11665
 11450 10817 12101  8837  9410 10405  8650 12101 12322 10817 12322 10405
 12322 14162 13226 11665 12101 12101 16642 11026 11882 11450 13457 13690
 13690  9802  7570  8650 12322  8650 10817 12770  8837 11450 11450 10001
 11882  9410  8465 10202 10405 11450 14162 14162 13226 17425 11450 13690
 14401 10405 15130 10202 10817 14401 13457 16385 12997 12101 12770 11450
  8650  9410  6562 11450 10202 10817  8837  9410  8837  9802  8650 10202
  9026 10001 10610  9605  5626  5477  7397  5185  3970  5626  6562  4625
  4357  4762  5626  4097  4762  4357  4226  3137  5185  7922  9217  7397
  8465  8101  8101  6725  8465  8101  7057  8282  7922  9026  6890  7570
  5930  8650 10610 11237 12545 16901 11665 10405 10202 12322 14642 11665
 12770 10610 10001 12770 12997 13925 13690  9026  9410 10610 12770 10610
  9802 11882 11026 10202  9410 12101 11450 12101 11450 12770  9605 11450
  8101  9026  6242  5777  8101  8465  6085  9605  7226 10001  7570  9026
  8837  7226  7057  8101  7745 13690 11237 11450 12322 11237 10817 10817
 10202 12322 12322 12545 11237  9217 12322 10405  9026  9026 11665 11665
 11237  8650 10001  8837 10405  9026 11026 11665 10405 12101 10817  8101
  9217 10610 12770  9217 10202  8101  9605  9026 10610 10001  8837 12101
 10405 10202  9026 10817 10405 10610  9026 10405  5477  5626  2810  4097
  4490  6725  5930  5330  6562  5185  5330  7397  6562  5777  3845  4762
  5477  4357  3845  3845  3250  4490  5042  3250  4357  3250  3137  3365
  4226  3845  3970  3722  3601  4357 12101 11450 12770 11665 14162 12770
  9802  9026 13690  9217 12101 11450  9410  9802 12322 14885 10405 17425
 17425 15877 14162 15130 13690 14401 16385 14401 13226 14642 14401 16642
 15626 12545 14885 14162  5930  5477  7745  7745  5777  7570  6562  6401
  7057  6401  6242  6725  5626  4901  8650  4357  6890  9026 11665  9026
 12101 10202  9410 11237  9605 10610  7570  9410  8650  7397  7922 10202
 11237  6242  6242  6401  6890  7397  5626  7057  7745  5477  5626  6242
  7570  6725  5330  5185  5477  5477  4625]
40000
30902.378151260506 40000 49097.621848739494
10000 445.0 popsize 151
20000 456.0 popsize 151
30000 458.0 popsize 151
40000 463.0 popsize 151
50000 463.0 popsize 151
60000 466.0 popsize 151
70000 466.0 popsize 151
80000 466.0 popsize 151
90000 466.0 popsize 151
100000 466.0 popsize 151
110000 466.0 popsize 151
120000 466.0 popsize 151
130000 466.0 popsize 151
140000 466.0 popsize 151
150000 466.0 popsize 151
160000 466.0 popsize 151
170000 466.0 popsize 151
180000 466.0 popsize 151
190000 466.0 popsize 151
200000 466.0 popsize 151
210000 466.0 popsize 151
220000 466.0 popsize 151
230000 466.0 popsize 151
240000 466.0 popsize 151
250000 466.0 popsize 151
260000 466.0 popsize 151
270000 466.0 popsize 151
280000 466.0 popsize 151
290000 466.0 popsize 151
300000 466.0 popsize 151
310000 466.0 popsize 151
320000 466.0 popsize 151
330000 466.0 popsize 151
340000 466.0 popsize 151
350000 466.0 popsize 151
360000 466.0 popsize 151
370000 466.0 popsize 151
380000 466.0 popsize 151
390000 466.0 popsize 151
400000 466.0 popsize 151
410000 466.0 popsize 151
420000 466.0 popsize 151
430000 466.0 popsize 151
440000 466.0 popsize 151
450000 466.0 popsize 151
460000 466.0 popsize 151
470000 466.0 popsize 151
480000 466.0 popsize 151
490000 466.0 popsize 151
500000 466.0 popsize 151
510000 466.0 popsize 151
520000 466.0 popsize 151
530000 466.0 popsize 151
540000 466.0 popsize 151
550000 466.0 popsize 151
560000 466.0 popsize 151
570000 466.0 popsize 151
580000 466.0 popsize 151
590000 466.0 popsize 151
600000 466.0 popsize 151
610000 466.0 popsize 151
620000 466.0 popsize 151
630000 466.0 popsize 151
640000 466.0 popsize 151
650000 466.0 popsize 151
660000 466.0 popsize 151
670000 466.0 popsize 151
680000 466.0 popsize 151
690000 466.0 popsize 151
700000 466.0 popsize 151
710000 466.0 popsize 151
720000 466.0 popsize 151
730000 466.0 popsize 151
740000 466.0 popsize 151
750000 466.0 popsize 151
760000 466.0 popsize 151
770000 466.0 popsize 151
780000 466.0 popsize 151
790000 466.0 popsize 151
800000 466.0 popsize 151
810000 466.0 popsize 151
820000 466.0 popsize 151
830000 466.0 popsize 151
840000 466.0 popsize 151
850000 466.0 popsize 151
860000 466.0 popsize 151
870000 466.0 popsize 151
880000 466.0 popsize 151
890000 466.0 popsize 151
900000 466.0 popsize 151
910000 466.0 popsize 151
920000 466.0 popsize 151
930000 466.0 popsize 151
940000 466.0 popsize 151
950000 466.0 popsize 151
960000 466.0 popsize 151
970000 466.0 popsize 151
980000 466.0 popsize 151
990000 466.0 popsize 151
1000000 466.0 popsize 151
1010000 466.0 popsize 151
1020000 466.0 popsize 151
1030000 466.0 popsize 151
1040000 466.0 popsize 151
1050000 466.0 popsize 151
1060000 466.0 popsize 151
1070000 466.0 popsize 151
1080000 466.0 popsize 151
1090000 466.0 popsize 151
1100000 466.0 popsize 151
1110000 466.0 popsize 151
1120000 466.0 popsize 151
1130000 466.0 popsize 151
1140000 466.0 popsize 151
1150000 466.0 popsize 151
1160000 466.0 popsize 151
1170000 466.0 popsize 151
1180000 466.0 popsize 151
1190000 466.0 popsize 151
1200000 466.0 popsize 151
595
[ 5477  5330  4625  4226  3601  5042  3845  4226  3845  5330  5185  3601
  5626  5777  6242  3482  2501  3365  5042  4625  4226  3137  5185  3845
  4097  3482  3722  5930  2810  5330  3845  5185  3970  3722  4625  4226
  5042  4625  5330  3482  3722  4490  4357  4357  4762  5042  3845  4625
  5042  4762  3845 10405 15877 12322 11665 11882 14642 13690 13226 12322
 14885 11450 12770 12545 12545 13226 14642 11026  5930  6890  6890  8101
  7570  8101  6562  7745  8282  9802  8101  8282  8465  6242  9802  6890
  7397 10202  8465  8837  8837  8465 10405  9802  7745 13457  8650 10610
 11450  8650  9410  9605 12322  8465 13457 10610 14162 13690 12545 13457
 16130 15377 15626 15626 16901 14162 13690 12770 13457 10405 13457 13925
 11026 12322  9605 10001  9605 10610 14162 11237 10405 12101 11882 13457
 10202 10405 11026 10202  7397  5626  7745  9605  6085  7397  7057  7745
  7397  7570  9410  9605  8465  9605  9217  9802  5930 12101  8650  9217
  8650  8837  7745  9026  6890  6562  9605 10001  8101  7570  6890  8837
 10001  7226  9026  8650  8837 11882  9410 11237  8650  8650  9605 10817
  8650  9026  9217  7397 11882  7922  8282 12770 11026 12545  9217 12545
 16385 15130 14401 12101 12770 13457 13226 13457 10610 15626 16901 12545
  5042  5185  5477  6725  6562  7057  4357  5930  3601  5777  5330  6562
  7057  5330  7226  6085  5626 10202 13226  9217 12770 10202  9026 12322
 11450  8465 11026 12770  8101 12101 12770  9605 11237  9026  4097  5185
  4357  4097  4490  4762  4357  4490  4357  5185  4901  5626  3722  5477
  6242  4490  4762 10610  7397  8465  8650  8101 12101  8837  7397 11665
 11450 10817 12101  8837  9410 10405  8650 12101 12322 10817 12322 10405
 12322 14162 13226 11665 12101 12101 16642 11026 11882 11450 13457 13690
 13690  9802  7570  8650 12322  8650 10817 12770  8837 11450 11450 10001
 11882  9410  8465 10202 10405 11450 14162 14162 13226 17425 11450 13690
 14401 10405 15130 10202 10817 14401 13457 16385 12997 12101 12770 11450
  8650  9410  6562 11450 10202 10817  8837  9410  8837  9802  8650 10202
  9026 10001 10610  9605  5626  5477  7397  5185  3970  5626  6562  4625
  4357  4762  5626  4097  4762  4357  4226  3137  5185  7922  9217  7397
  8465  8101  8101  6725  8465  8101  7057  8282  7922  9026  6890  7570
  5930  8650 10610 11237 12545 16901 11665 10405 10202 12322 14642 11665
 12770 10610 10001 12770 12997 13925 13690  9026  9410 10610 12770 10610
  9802 11882 11026 10202  9410 12101 11450 12101 11450 12770  9605 11450
  8101  9026  6242  5777  8101  8465  6085  9605  7226 10001  7570  9026
  8837  7226  7057  8101  7745 13690 11237 11450 12322 11237 10817 10817
 10202 12322 12322 12545 11237  9217 12322 10405  9026  9026 11665 11665
 11237  8650 10001  8837 10405  9026 11026 11665 10405 12101 10817  8101
  9217 10610 12770  9217 10202  8101  9605  9026 10610 10001  8837 12101
 10405 10202  9026 10817 10405 10610  9026 10405  5477  5626  2810  4097
  4490  6725  5930  5330  6562  5185  5330  7397  6562  5777  3845  4762
  5477  4357  3845  3845  3250  4490  5042  3250  4357  3250  3137  3365
  4226  3845  3970  3722  3601  4357 12101 11450 12770 11665 14162 12770
  9802  9026 13690  9217 12101 11450  9410  9802 12322 14885 10405 17425
 17425 15877 14162 15130 13690 14401 16385 14401 13226 14642 14401 16642
 15626 12545 14885 14162  5930  5477  7745  7745  5777  7570  6562  6401
  7057  6401  6242  6725  5626  4901  8650  4357  6890  9026 11665  9026
 12101 10202  9410 11237  9605 10610  7570  9410  8650  7397  7922 10202
 11237  6242  6242  6401  6890  7397  5626  7057  7745  5477  5626  6242
  7570  6725  5330  5185  5477  5477  4625]
40000
30902.378151260506 40000 49097.621848739494
10000 439.0 popsize 151
20000 454.0 popsize 151
30000 454.0 popsize 151
40000 457.0 popsize 151
50000 459.0 popsize 151
60000 463.0 popsize 151
70000 463.0 popsize 151
80000 463.0 popsize 151
90000 463.0 popsize 151
100000 463.0 popsize 151
110000 463.0 popsize 151
120000 463.0 popsize 151
130000 464.0 popsize 151
140000 464.0 popsize 151
150000 464.0 popsize 151
160000 464.0 popsize 151
170000 464.0 popsize 151
180000 464.0 popsize 151
190000 464.0 popsize 151
200000 464.0 popsize 151
210000 464.0 popsize 151
220000 464.0 popsize 151
230000 464.0 popsize 151
240000 464.0 popsize 151
250000 464.0 popsize 151
260000 464.0 popsize 151
270000 464.0 popsize 151
280000 464.0 popsize 151
290000 464.0 popsize 151
300000 464.0 popsize 151
310000 464.0 popsize 151
320000 464.0 popsize 151
330000 464.0 popsize 151
340000 464.0 popsize 151
350000 464.0 popsize 151
360000 464.0 popsize 151
370000 464.0 popsize 151
380000 464.0 popsize 151
390000 464.0 popsize 151
400000 464.0 popsize 151
410000 464.0 popsize 151
420000 464.0 popsize 151
430000 464.0 popsize 151
440000 464.0 popsize 151
450000 464.0 popsize 151
460000 464.0 popsize 151
470000 464.0 popsize 151
480000 464.0 popsize 151
490000 464.0 popsize 151
500000 464.0 popsize 151
510000 464.0 popsize 151
520000 464.0 popsize 151
530000 464.0 popsize 151
540000 464.0 popsize 151
550000 464.0 popsize 151
560000 464.0 popsize 151
570000 464.0 popsize 151
580000 464.0 popsize 151
590000 464.0 popsize 151
600000 464.0 popsize 151
610000 464.0 popsize 151
620000 464.0 popsize 151
630000 464.0 popsize 151
640000 464.0 popsize 151
650000 464.0 popsize 151
660000 464.0 popsize 151
670000 464.0 popsize 151
680000 464.0 popsize 151
690000 464.0 popsize 151
700000 464.0 popsize 151
710000 464.0 popsize 151
720000 464.0 popsize 151
730000 464.0 popsize 151
740000 464.0 popsize 151
750000 464.0 popsize 151
760000 464.0 popsize 151
770000 464.0 popsize 151
780000 464.0 popsize 151
790000 464.0 popsize 151
800000 464.0 popsize 151
810000 464.0 popsize 151
820000 464.0 popsize 151
830000 464.0 popsize 151
840000 464.0 popsize 151
850000 464.0 popsize 151
860000 464.0 popsize 151
870000 464.0 popsize 151
880000 464.0 popsize 151
890000 464.0 popsize 151
900000 464.0 popsize 151
910000 464.0 popsize 151
920000 464.0 popsize 151
930000 464.0 popsize 151
940000 464.0 popsize 151
950000 464.0 popsize 151
960000 464.0 popsize 151
970000 464.0 popsize 151
980000 464.0 popsize 151
990000 464.0 popsize 151
1000000 464.0 popsize 151
1010000 464.0 popsize 151
1020000 464.0 popsize 151
1030000 464.0 popsize 151
1040000 464.0 popsize 151
1050000 464.0 popsize 151
1060000 464.0 popsize 151
1070000 464.0 popsize 151
1080000 464.0 popsize 151
1090000 464.0 popsize 151
1100000 464.0 popsize 151
1110000 464.0 popsize 151
1120000 464.0 popsize 151
1130000 464.0 popsize 151
1140000 464.0 popsize 151
1150000 464.0 popsize 151
1160000 464.0 popsize 151
1170000 464.0 popsize 151
1180000 464.0 popsize 151
1190000 464.0 popsize 151
1200000 464.0 popsize 151
595
[ 5477  5330  4625  4226  3601  5042  3845  4226  3845  5330  5185  3601
  5626  5777  6242  3482  2501  3365  5042  4625  4226  3137  5185  3845
  4097  3482  3722  5930  2810  5330  3845  5185  3970  3722  4625  4226
  5042  4625  5330  3482  3722  4490  4357  4357  4762  5042  3845  4625
  5042  4762  3845 10405 15877 12322 11665 11882 14642 13690 13226 12322
 14885 11450 12770 12545 12545 13226 14642 11026  5930  6890  6890  8101
  7570  8101  6562  7745  8282  9802  8101  8282  8465  6242  9802  6890
  7397 10202  8465  8837  8837  8465 10405  9802  7745 13457  8650 10610
 11450  8650  9410  9605 12322  8465 13457 10610 14162 13690 12545 13457
 16130 15377 15626 15626 16901 14162 13690 12770 13457 10405 13457 13925
 11026 12322  9605 10001  9605 10610 14162 11237 10405 12101 11882 13457
 10202 10405 11026 10202  7397  5626  7745  9605  6085  7397  7057  7745
  7397  7570  9410  9605  8465  9605  9217  9802  5930 12101  8650  9217
  8650  8837  7745  9026  6890  6562  9605 10001  8101  7570  6890  8837
 10001  7226  9026  8650  8837 11882  9410 11237  8650  8650  9605 10817
  8650  9026  9217  7397 11882  7922  8282 12770 11026 12545  9217 12545
 16385 15130 14401 12101 12770 13457 13226 13457 10610 15626 16901 12545
  5042  5185  5477  6725  6562  7057  4357  5930  3601  5777  5330  6562
  7057  5330  7226  6085  5626 10202 13226  9217 12770 10202  9026 12322
 11450  8465 11026 12770  8101 12101 12770  9605 11237  9026  4097  5185
  4357  4097  4490  4762  4357  4490  4357  5185  4901  5626  3722  5477
  6242  4490  4762 10610  7397  8465  8650  8101 12101  8837  7397 11665
 11450 10817 12101  8837  9410 10405  8650 12101 12322 10817 12322 10405
 12322 14162 13226 11665 12101 12101 16642 11026 11882 11450 13457 13690
 13690  9802  7570  8650 12322  8650 10817 12770  8837 11450 11450 10001
 11882  9410  8465 10202 10405 11450 14162 14162 13226 17425 11450 13690
 14401 10405 15130 10202 10817 14401 13457 16385 12997 12101 12770 11450
  8650  9410  6562 11450 10202 10817  8837  9410  8837  9802  8650 10202
  9026 10001 10610  9605  5626  5477  7397  5185  3970  5626  6562  4625
  4357  4762  5626  4097  4762  4357  4226  3137  5185  7922  9217  7397
  8465  8101  8101  6725  8465  8101  7057  8282  7922  9026  6890  7570
  5930  8650 10610 11237 12545 16901 11665 10405 10202 12322 14642 11665
 12770 10610 10001 12770 12997 13925 13690  9026  9410 10610 12770 10610
  9802 11882 11026 10202  9410 12101 11450 12101 11450 12770  9605 11450
  8101  9026  6242  5777  8101  8465  6085  9605  7226 10001  7570  9026
  8837  7226  7057  8101  7745 13690 11237 11450 12322 11237 10817 10817
 10202 12322 12322 12545 11237  9217 12322 10405  9026  9026 11665 11665
 11237  8650 10001  8837 10405  9026 11026 11665 10405 12101 10817  8101
  9217 10610 12770  9217 10202  8101  9605  9026 10610 10001  8837 12101
 10405 10202  9026 10817 10405 10610  9026 10405  5477  5626  2810  4097
  4490  6725  5930  5330  6562  5185  5330  7397  6562  5777  3845  4762
  5477  4357  3845  3845  3250  4490  5042  3250  4357  3250  3137  3365
  4226  3845  3970  3722  3601  4357 12101 11450 12770 11665 14162 12770
  9802  9026 13690  9217 12101 11450  9410  9802 12322 14885 10405 17425
 17425 15877 14162 15130 13690 14401 16385 14401 13226 14642 14401 16642
 15626 12545 14885 14162  5930  5477  7745  7745  5777  7570  6562  6401
  7057  6401  6242  6725  5626  4901  8650  4357  6890  9026 11665  9026
 12101 10202  9410 11237  9605 10610  7570  9410  8650  7397  7922 10202
 11237  6242  6242  6401  6890  7397  5626  7057  7745  5477  5626  6242
  7570  6725  5330  5185  5477  5477  4625]
40000
30902.378151260506 40000 49097.621848739494
10000 450.0 popsize 151
20000 454.0 popsize 151
30000 454.0 popsize 151
40000 457.0 popsize 151
50000 457.0 popsize 151
60000 459.0 popsize 151
70000 459.0 popsize 151
80000 459.0 popsize 151
90000 460.0 popsize 151
100000 460.0 popsize 151
110000 460.0 popsize 151
120000 460.0 popsize 151
130000 461.0 popsize 151
140000 461.0 popsize 151
150000 461.0 popsize 151
160000 461.0 popsize 151
170000 461.0 popsize 151
180000 461.0 popsize 151
190000 461.0 popsize 151
200000 461.0 popsize 151
210000 461.0 popsize 151
220000 461.0 popsize 151
230000 461.0 popsize 151
240000 461.0 popsize 151
250000 461.0 popsize 151
260000 461.0 popsize 151
270000 461.0 popsize 151
280000 461.0 popsize 151
290000 461.0 popsize 151
300000 461.0 popsize 151
310000 461.0 popsize 151
320000 461.0 popsize 151
330000 461.0 popsize 151
340000 461.0 popsize 151
350000 461.0 popsize 151
360000 461.0 popsize 151
370000 461.0 popsize 151
380000 461.0 popsize 151
390000 461.0 popsize 151
400000 461.0 popsize 151
410000 462.0 popsize 151
420000 462.0 popsize 151
430000 463.0 popsize 151
440000 463.0 popsize 151
450000 463.0 popsize 151
460000 463.0 popsize 151
470000 463.0 popsize 151
480000 465.0 popsize 151
490000 465.0 popsize 151
500000 465.0 popsize 151
510000 465.0 popsize 151
520000 465.0 popsize 151
530000 465.0 popsize 151
540000 465.0 popsize 151
550000 465.0 popsize 151
560000 465.0 popsize 151
570000 465.0 popsize 151
580000 465.0 popsize 151
590000 465.0 popsize 151
600000 465.0 popsize 151
610000 465.0 popsize 151
620000 465.0 popsize 151
630000 465.0 popsize 151
640000 465.0 popsize 151
650000 465.0 popsize 151
660000 465.0 popsize 151
670000 465.0 popsize 151
680000 465.0 popsize 151
690000 465.0 popsize 151
700000 465.0 popsize 151
710000 465.0 popsize 151
720000 465.0 popsize 151
730000 465.0 popsize 151
740000 465.0 popsize 151
750000 465.0 popsize 151
760000 465.0 popsize 151
770000 465.0 popsize 151
780000 465.0 popsize 151
790000 465.0 popsize 151
800000 465.0 popsize 151
810000 465.0 popsize 151
820000 465.0 popsize 151
830000 465.0 popsize 151
840000 465.0 popsize 151
850000 465.0 popsize 151
860000 465.0 popsize 151
870000 465.0 popsize 151
880000 465.0 popsize 151
890000 465.0 popsize 151
900000 465.0 popsize 151
910000 465.0 popsize 151
920000 465.0 popsize 151
930000 465.0 popsize 151
940000 465.0 popsize 151
950000 465.0 popsize 151
960000 465.0 popsize 151
970000 465.0 popsize 151
980000 465.0 popsize 151
990000 465.0 popsize 151
1000000 465.0 popsize 151
1010000 465.0 popsize 151
1020000 465.0 popsize 151
1030000 465.0 popsize 151
1040000 465.0 popsize 151
1050000 465.0 popsize 151
1060000 465.0 popsize 151
1070000 465.0 popsize 151
1080000 465.0 popsize 151
1090000 465.0 popsize 151
1100000 465.0 popsize 151
1110000 465.0 popsize 151
1120000 465.0 popsize 151
1130000 465.0 popsize 151
1140000 465.0 popsize 151
1150000 465.0 popsize 151
1160000 465.0 popsize 151
1170000 465.0 popsize 151
1180000 465.0 popsize 151
1190000 465.0 popsize 151
1200000 465.0 popsize 151
595
[ 5477  5330  4625  4226  3601  5042  3845  4226  3845  5330  5185  3601
  5626  5777  6242  3482  2501  3365  5042  4625  4226  3137  5185  3845
  4097  3482  3722  5930  2810  5330  3845  5185  3970  3722  4625  4226
  5042  4625  5330  3482  3722  4490  4357  4357  4762  5042  3845  4625
  5042  4762  3845 10405 15877 12322 11665 11882 14642 13690 13226 12322
 14885 11450 12770 12545 12545 13226 14642 11026  5930  6890  6890  8101
  7570  8101  6562  7745  8282  9802  8101  8282  8465  6242  9802  6890
  7397 10202  8465  8837  8837  8465 10405  9802  7745 13457  8650 10610
 11450  8650  9410  9605 12322  8465 13457 10610 14162 13690 12545 13457
 16130 15377 15626 15626 16901 14162 13690 12770 13457 10405 13457 13925
 11026 12322  9605 10001  9605 10610 14162 11237 10405 12101 11882 13457
 10202 10405 11026 10202  7397  5626  7745  9605  6085  7397  7057  7745
  7397  7570  9410  9605  8465  9605  9217  9802  5930 12101  8650  9217
  8650  8837  7745  9026  6890  6562  9605 10001  8101  7570  6890  8837
 10001  7226  9026  8650  8837 11882  9410 11237  8650  8650  9605 10817
  8650  9026  9217  7397 11882  7922  8282 12770 11026 12545  9217 12545
 16385 15130 14401 12101 12770 13457 13226 13457 10610 15626 16901 12545
  5042  5185  5477  6725  6562  7057  4357  5930  3601  5777  5330  6562
  7057  5330  7226  6085  5626 10202 13226  9217 12770 10202  9026 12322
 11450  8465 11026 12770  8101 12101 12770  9605 11237  9026  4097  5185
  4357  4097  4490  4762  4357  4490  4357  5185  4901  5626  3722  5477
  6242  4490  4762 10610  7397  8465  8650  8101 12101  8837  7397 11665
 11450 10817 12101  8837  9410 10405  8650 12101 12322 10817 12322 10405
 12322 14162 13226 11665 12101 12101 16642 11026 11882 11450 13457 13690
 13690  9802  7570  8650 12322  8650 10817 12770  8837 11450 11450 10001
 11882  9410  8465 10202 10405 11450 14162 14162 13226 17425 11450 13690
 14401 10405 15130 10202 10817 14401 13457 16385 12997 12101 12770 11450
  8650  9410  6562 11450 10202 10817  8837  9410  8837  9802  8650 10202
  9026 10001 10610  9605  5626  5477  7397  5185  3970  5626  6562  4625
  4357  4762  5626  4097  4762  4357  4226  3137  5185  7922  9217  7397
  8465  8101  8101  6725  8465  8101  7057  8282  7922  9026  6890  7570
  5930  8650 10610 11237 12545 16901 11665 10405 10202 12322 14642 11665
 12770 10610 10001 12770 12997 13925 13690  9026  9410 10610 12770 10610
  9802 11882 11026 10202  9410 12101 11450 12101 11450 12770  9605 11450
  8101  9026  6242  5777  8101  8465  6085  9605  7226 10001  7570  9026
  8837  7226  7057  8101  7745 13690 11237 11450 12322 11237 10817 10817
 10202 12322 12322 12545 11237  9217 12322 10405  9026  9026 11665 11665
 11237  8650 10001  8837 10405  9026 11026 11665 10405 12101 10817  8101
  9217 10610 12770  9217 10202  8101  9605  9026 10610 10001  8837 12101
 10405 10202  9026 10817 10405 10610  9026 10405  5477  5626  2810  4097
  4490  6725  5930  5330  6562  5185  5330  7397  6562  5777  3845  4762
  5477  4357  3845  3845  3250  4490  5042  3250  4357  3250  3137  3365
  4226  3845  3970  3722  3601  4357 12101 11450 12770 11665 14162 12770
  9802  9026 13690  9217 12101 11450  9410  9802 12322 14885 10405 17425
 17425 15877 14162 15130 13690 14401 16385 14401 13226 14642 14401 16642
 15626 12545 14885 14162  5930  5477  7745  7745  5777  7570  6562  6401
  7057  6401  6242  6725  5626  4901  8650  4357  6890  9026 11665  9026
 12101 10202  9410 11237  9605 10610  7570  9410  8650  7397  7922 10202
 11237  6242  6242  6401  6890  7397  5626  7057  7745  5477  5626  6242
  7570  6725  5330  5185  5477  5477  4625]
40000
30902.378151260506 40000 49097.621848739494
10000 454.0 popsize 151
20000 460.0 popsize 151
30000 460.0 popsize 151
40000 460.0 popsize 151
50000 460.0 popsize 151
60000 461.0 popsize 151
70000 461.0 popsize 151
80000 463.0 popsize 151
90000 463.0 popsize 151
100000 464.0 popsize 151
110000 464.0 popsize 151
120000 464.0 popsize 151
130000 464.0 popsize 151
140000 464.0 popsize 151
150000 464.0 popsize 151
160000 464.0 popsize 151
170000 464.0 popsize 151
180000 464.0 popsize 151
190000 464.0 popsize 151
200000 464.0 popsize 151
210000 464.0 popsize 151
220000 464.0 popsize 151
230000 465.0 popsize 151
240000 465.0 popsize 151
250000 465.0 popsize 151
260000 465.0 popsize 151
270000 465.0 popsize 151
280000 465.0 popsize 151
290000 465.0 popsize 151
300000 465.0 popsize 151
310000 465.0 popsize 151
320000 465.0 popsize 151
330000 465.0 popsize 151
340000 465.0 popsize 151
350000 465.0 popsize 151
360000 465.0 popsize 151
370000 465.0 popsize 151
380000 465.0 popsize 151
390000 465.0 popsize 151
400000 465.0 popsize 151
410000 465.0 popsize 151
420000 465.0 popsize 151
430000 465.0 popsize 151
440000 465.0 popsize 151
450000 465.0 popsize 151
460000 465.0 popsize 151
470000 465.0 popsize 151
480000 465.0 popsize 151
490000 468.0 popsize 151
500000 468.0 popsize 151
510000 468.0 popsize 151
520000 468.0 popsize 151
530000 468.0 popsize 151
540000 468.0 popsize 151
550000 468.0 popsize 151
560000 468.0 popsize 151
570000 468.0 popsize 151
580000 468.0 popsize 151
590000 468.0 popsize 151
600000 468.0 popsize 151
610000 468.0 popsize 151
620000 468.0 popsize 151
630000 468.0 popsize 151
640000 468.0 popsize 151
650000 468.0 popsize 151
660000 468.0 popsize 151
670000 468.0 popsize 151
680000 468.0 popsize 151
690000 468.0 popsize 151
700000 468.0 popsize 151
710000 468.0 popsize 151
720000 468.0 popsize 151
730000 468.0 popsize 151
740000 468.0 popsize 151
750000 468.0 popsize 151
760000 468.0 popsize 151
770000 468.0 popsize 151
780000 468.0 popsize 151
790000 468.0 popsize 151
800000 468.0 popsize 151
810000 468.0 popsize 151
820000 468.0 popsize 151
830000 468.0 popsize 151
840000 468.0 popsize 151
850000 468.0 popsize 151
860000 468.0 popsize 151
870000 468.0 popsize 151
880000 468.0 popsize 151
890000 468.0 popsize 151
900000 468.0 popsize 151
910000 468.0 popsize 151
920000 468.0 popsize 151
930000 468.0 popsize 151
940000 468.0 popsize 151
950000 468.0 popsize 151
960000 468.0 popsize 151
970000 468.0 popsize 151
980000 468.0 popsize 151
990000 468.0 popsize 151
1000000 468.0 popsize 151
1010000 468.0 popsize 151
1020000 468.0 popsize 151
1030000 468.0 popsize 151
1040000 468.0 popsize 151
1050000 468.0 popsize 151
1060000 468.0 popsize 151
1070000 468.0 popsize 151
1080000 468.0 popsize 151
1090000 468.0 popsize 151
1100000 468.0 popsize 151
1110000 468.0 popsize 151
1120000 468.0 popsize 151
1130000 468.0 popsize 151
1140000 468.0 popsize 151
1150000 468.0 popsize 151
1160000 468.0 popsize 151
1170000 468.0 popsize 151
1180000 468.0 popsize 151
1190000 468.0 popsize 151
1200000 468.0 popsize 151
595
[ 5477  5330  4625  4226  3601  5042  3845  4226  3845  5330  5185  3601
  5626  5777  6242  3482  2501  3365  5042  4625  4226  3137  5185  3845
  4097  3482  3722  5930  2810  5330  3845  5185  3970  3722  4625  4226
  5042  4625  5330  3482  3722  4490  4357  4357  4762  5042  3845  4625
  5042  4762  3845 10405 15877 12322 11665 11882 14642 13690 13226 12322
 14885 11450 12770 12545 12545 13226 14642 11026  5930  6890  6890  8101
  7570  8101  6562  7745  8282  9802  8101  8282  8465  6242  9802  6890
  7397 10202  8465  8837  8837  8465 10405  9802  7745 13457  8650 10610
 11450  8650  9410  9605 12322  8465 13457 10610 14162 13690 12545 13457
 16130 15377 15626 15626 16901 14162 13690 12770 13457 10405 13457 13925
 11026 12322  9605 10001  9605 10610 14162 11237 10405 12101 11882 13457
 10202 10405 11026 10202  7397  5626  7745  9605  6085  7397  7057  7745
  7397  7570  9410  9605  8465  9605  9217  9802  5930 12101  8650  9217
  8650  8837  7745  9026  6890  6562  9605 10001  8101  7570  6890  8837
 10001  7226  9026  8650  8837 11882  9410 11237  8650  8650  9605 10817
  8650  9026  9217  7397 11882  7922  8282 12770 11026 12545  9217 12545
 16385 15130 14401 12101 12770 13457 13226 13457 10610 15626 16901 12545
  5042  5185  5477  6725  6562  7057  4357  5930  3601  5777  5330  6562
  7057  5330  7226  6085  5626 10202 13226  9217 12770 10202  9026 12322
 11450  8465 11026 12770  8101 12101 12770  9605 11237  9026  4097  5185
  4357  4097  4490  4762  4357  4490  4357  5185  4901  5626  3722  5477
  6242  4490  4762 10610  7397  8465  8650  8101 12101  8837  7397 11665
 11450 10817 12101  8837  9410 10405  8650 12101 12322 10817 12322 10405
 12322 14162 13226 11665 12101 12101 16642 11026 11882 11450 13457 13690
 13690  9802  7570  8650 12322  8650 10817 12770  8837 11450 11450 10001
 11882  9410  8465 10202 10405 11450 14162 14162 13226 17425 11450 13690
 14401 10405 15130 10202 10817 14401 13457 16385 12997 12101 12770 11450
  8650  9410  6562 11450 10202 10817  8837  9410  8837  9802  8650 10202
  9026 10001 10610  9605  5626  5477  7397  5185  3970  5626  6562  4625
  4357  4762  5626  4097  4762  4357  4226  3137  5185  7922  9217  7397
  8465  8101  8101  6725  8465  8101  7057  8282  7922  9026  6890  7570
  5930  8650 10610 11237 12545 16901 11665 10405 10202 12322 14642 11665
 12770 10610 10001 12770 12997 13925 13690  9026  9410 10610 12770 10610
  9802 11882 11026 10202  9410 12101 11450 12101 11450 12770  9605 11450
  8101  9026  6242  5777  8101  8465  6085  9605  7226 10001  7570  9026
  8837  7226  7057  8101  7745 13690 11237 11450 12322 11237 10817 10817
 10202 12322 12322 12545 11237  9217 12322 10405  9026  9026 11665 11665
 11237  8650 10001  8837 10405  9026 11026 11665 10405 12101 10817  8101
  9217 10610 12770  9217 10202  8101  9605  9026 10610 10001  8837 12101
 10405 10202  9026 10817 10405 10610  9026 10405  5477  5626  2810  4097
  4490  6725  5930  5330  6562  5185  5330  7397  6562  5777  3845  4762
  5477  4357  3845  3845  3250  4490  5042  3250  4357  3250  3137  3365
  4226  3845  3970  3722  3601  4357 12101 11450 12770 11665 14162 12770
  9802  9026 13690  9217 12101 11450  9410  9802 12322 14885 10405 17425
 17425 15877 14162 15130 13690 14401 16385 14401 13226 14642 14401 16642
 15626 12545 14885 14162  5930  5477  7745  7745  5777  7570  6562  6401
  7057  6401  6242  6725  5626  4901  8650  4357  6890  9026 11665  9026
 12101 10202  9410 11237  9605 10610  7570  9410  8650  7397  7922 10202
 11237  6242  6242  6401  6890  7397  5626  7057  7745  5477  5626  6242
  7570  6725  5330  5185  5477  5477  4625]
40000
30902.378151260506 40000 49097.621848739494
10000 442.0 popsize 151
20000 453.0 popsize 151
30000 459.0 popsize 151
40000 463.0 popsize 151
50000 463.0 popsize 151
60000 465.0 popsize 151
70000 465.0 popsize 151
80000 465.0 popsize 151
90000 465.0 popsize 151
100000 465.0 popsize 151
110000 465.0 popsize 151
120000 468.0 popsize 151
130000 468.0 popsize 151
140000 468.0 popsize 151
150000 468.0 popsize 151
160000 468.0 popsize 151
170000 468.0 popsize 151
180000 468.0 popsize 151
190000 468.0 popsize 151
200000 468.0 popsize 151
210000 468.0 popsize 151
220000 468.0 popsize 151
230000 468.0 popsize 151
240000 468.0 popsize 151
250000 468.0 popsize 151
260000 468.0 popsize 151
270000 468.0 popsize 151
280000 468.0 popsize 151
290000 468.0 popsize 151
300000 468.0 popsize 151
310000 468.0 popsize 151
320000 468.0 popsize 151
330000 468.0 popsize 151
340000 468.0 popsize 151
350000 468.0 popsize 151
360000 468.0 popsize 151
370000 468.0 popsize 151
380000 468.0 popsize 151
390000 468.0 popsize 151
400000 468.0 popsize 151
410000 468.0 popsize 151
420000 468.0 popsize 151
430000 468.0 popsize 151
440000 468.0 popsize 151
450000 468.0 popsize 151
460000 468.0 popsize 151
470000 468.0 popsize 151
480000 468.0 popsize 151
490000 468.0 popsize 151
500000 468.0 popsize 151
510000 468.0 popsize 151
520000 468.0 popsize 151
530000 468.0 popsize 151
540000 468.0 popsize 151
550000 468.0 popsize 151
560000 468.0 popsize 151
570000 468.0 popsize 151
580000 468.0 popsize 151
590000 468.0 popsize 151
600000 468.0 popsize 151
610000 468.0 popsize 151
620000 468.0 popsize 151
630000 468.0 popsize 151
640000 468.0 popsize 151
650000 468.0 popsize 151
660000 468.0 popsize 151
670000 468.0 popsize 151
680000 468.0 popsize 151
690000 468.0 popsize 151
700000 468.0 popsize 151
710000 468.0 popsize 151
720000 468.0 popsize 151
730000 468.0 popsize 151
740000 468.0 popsize 151
750000 468.0 popsize 151
760000 468.0 popsize 151
770000 468.0 popsize 151
780000 468.0 popsize 151
790000 468.0 popsize 151
800000 468.0 popsize 151
810000 468.0 popsize 151
820000 468.0 popsize 151
830000 468.0 popsize 151
840000 468.0 popsize 151
850000 468.0 popsize 151
860000 468.0 popsize 151
870000 468.0 popsize 151
880000 468.0 popsize 151
890000 468.0 popsize 151
900000 468.0 popsize 151
910000 468.0 popsize 151
920000 468.0 popsize 151
930000 468.0 popsize 151
940000 468.0 popsize 151
950000 468.0 popsize 151
960000 468.0 popsize 151
970000 468.0 popsize 151
980000 468.0 popsize 151
990000 468.0 popsize 151
1000000 468.0 popsize 151
1010000 468.0 popsize 151
1020000 468.0 popsize 151
1030000 468.0 popsize 151
1040000 468.0 popsize 151
1050000 468.0 popsize 151
1060000 468.0 popsize 151
1070000 468.0 popsize 151
1080000 468.0 popsize 151
1090000 468.0 popsize 151
1100000 468.0 popsize 151
1110000 468.0 popsize 151
1120000 468.0 popsize 151
1130000 468.0 popsize 151
1140000 468.0 popsize 151
1150000 468.0 popsize 151
1160000 468.0 popsize 151
1170000 468.0 popsize 151
1180000 468.0 popsize 151
1190000 468.0 popsize 151
1200000 468.0 popsize 151
595
[ 5477  5330  4625  4226  3601  5042  3845  4226  3845  5330  5185  3601
  5626  5777  6242  3482  2501  3365  5042  4625  4226  3137  5185  3845
  4097  3482  3722  5930  2810  5330  3845  5185  3970  3722  4625  4226
  5042  4625  5330  3482  3722  4490  4357  4357  4762  5042  3845  4625
  5042  4762  3845 10405 15877 12322 11665 11882 14642 13690 13226 12322
 14885 11450 12770 12545 12545 13226 14642 11026  5930  6890  6890  8101
  7570  8101  6562  7745  8282  9802  8101  8282  8465  6242  9802  6890
  7397 10202  8465  8837  8837  8465 10405  9802  7745 13457  8650 10610
 11450  8650  9410  9605 12322  8465 13457 10610 14162 13690 12545 13457
 16130 15377 15626 15626 16901 14162 13690 12770 13457 10405 13457 13925
 11026 12322  9605 10001  9605 10610 14162 11237 10405 12101 11882 13457
 10202 10405 11026 10202  7397  5626  7745  9605  6085  7397  7057  7745
  7397  7570  9410  9605  8465  9605  9217  9802  5930 12101  8650  9217
  8650  8837  7745  9026  6890  6562  9605 10001  8101  7570  6890  8837
 10001  7226  9026  8650  8837 11882  9410 11237  8650  8650  9605 10817
  8650  9026  9217  7397 11882  7922  8282 12770 11026 12545  9217 12545
 16385 15130 14401 12101 12770 13457 13226 13457 10610 15626 16901 12545
  5042  5185  5477  6725  6562  7057  4357  5930  3601  5777  5330  6562
  7057  5330  7226  6085  5626 10202 13226  9217 12770 10202  9026 12322
 11450  8465 11026 12770  8101 12101 12770  9605 11237  9026  4097  5185
  4357  4097  4490  4762  4357  4490  4357  5185  4901  5626  3722  5477
  6242  4490  4762 10610  7397  8465  8650  8101 12101  8837  7397 11665
 11450 10817 12101  8837  9410 10405  8650 12101 12322 10817 12322 10405
 12322 14162 13226 11665 12101 12101 16642 11026 11882 11450 13457 13690
 13690  9802  7570  8650 12322  8650 10817 12770  8837 11450 11450 10001
 11882  9410  8465 10202 10405 11450 14162 14162 13226 17425 11450 13690
 14401 10405 15130 10202 10817 14401 13457 16385 12997 12101 12770 11450
  8650  9410  6562 11450 10202 10817  8837  9410  8837  9802  8650 10202
  9026 10001 10610  9605  5626  5477  7397  5185  3970  5626  6562  4625
  4357  4762  5626  4097  4762  4357  4226  3137  5185  7922  9217  7397
  8465  8101  8101  6725  8465  8101  7057  8282  7922  9026  6890  7570
  5930  8650 10610 11237 12545 16901 11665 10405 10202 12322 14642 11665
 12770 10610 10001 12770 12997 13925 13690  9026  9410 10610 12770 10610
  9802 11882 11026 10202  9410 12101 11450 12101 11450 12770  9605 11450
  8101  9026  6242  5777  8101  8465  6085  9605  7226 10001  7570  9026
  8837  7226  7057  8101  7745 13690 11237 11450 12322 11237 10817 10817
 10202 12322 12322 12545 11237  9217 12322 10405  9026  9026 11665 11665
 11237  8650 10001  8837 10405  9026 11026 11665 10405 12101 10817  8101
  9217 10610 12770  9217 10202  8101  9605  9026 10610 10001  8837 12101
 10405 10202  9026 10817 10405 10610  9026 10405  5477  5626  2810  4097
  4490  6725  5930  5330  6562  5185  5330  7397  6562  5777  3845  4762
  5477  4357  3845  3845  3250  4490  5042  3250  4357  3250  3137  3365
  4226  3845  3970  3722  3601  4357 12101 11450 12770 11665 14162 12770
  9802  9026 13690  9217 12101 11450  9410  9802 12322 14885 10405 17425
 17425 15877 14162 15130 13690 14401 16385 14401 13226 14642 14401 16642
 15626 12545 14885 14162  5930  5477  7745  7745  5777  7570  6562  6401
  7057  6401  6242  6725  5626  4901  8650  4357  6890  9026 11665  9026
 12101 10202  9410 11237  9605 10610  7570  9410  8650  7397  7922 10202
 11237  6242  6242  6401  6890  7397  5626  7057  7745  5477  5626  6242
  7570  6725  5330  5185  5477  5477  4625]
40000
30902.378151260506 40000 49097.621848739494
10000 438.0 popsize 151
20000 455.0 popsize 151
30000 459.0 popsize 151
40000 465.0 popsize 151
50000 465.0 popsize 151
60000 465.0 popsize 151
70000 465.0 popsize 151
80000 465.0 popsize 151
90000 465.0 popsize 151
100000 465.0 popsize 151
110000 465.0 popsize 151
120000 465.0 popsize 151
130000 465.0 popsize 151
140000 465.0 popsize 151
150000 465.0 popsize 151
160000 465.0 popsize 151
170000 465.0 popsize 151
180000 465.0 popsize 151
190000 465.0 popsize 151
200000 465.0 popsize 151
210000 465.0 popsize 151
220000 465.0 popsize 151
230000 465.0 popsize 151
240000 465.0 popsize 151
250000 465.0 popsize 151
260000 465.0 popsize 151
270000 465.0 popsize 151
280000 465.0 popsize 151
290000 465.0 popsize 151
300000 465.0 popsize 151
310000 465.0 popsize 151
320000 465.0 popsize 151
330000 465.0 popsize 151
340000 465.0 popsize 151
350000 465.0 popsize 151
360000 465.0 popsize 151
370000 465.0 popsize 151
380000 465.0 popsize 151
390000 465.0 popsize 151
400000 465.0 popsize 151
410000 465.0 popsize 151
420000 465.0 popsize 151
430000 465.0 popsize 151
440000 465.0 popsize 151
450000 465.0 popsize 151
460000 465.0 popsize 151
470000 465.0 popsize 151
480000 465.0 popsize 151
490000 465.0 popsize 151
500000 465.0 popsize 151
510000 465.0 popsize 151
520000 465.0 popsize 151
530000 468.0 popsize 151
540000 468.0 popsize 151
550000 468.0 popsize 151
560000 468.0 popsize 151
570000 468.0 popsize 151
580000 468.0 popsize 151
590000 468.0 popsize 151
600000 468.0 popsize 151
610000 468.0 popsize 151
620000 468.0 popsize 151
630000 468.0 popsize 151
640000 468.0 popsize 151
650000 468.0 popsize 151
660000 468.0 popsize 151
670000 468.0 popsize 151
680000 468.0 popsize 151
690000 468.0 popsize 151
700000 468.0 popsize 151
710000 468.0 popsize 151
720000 468.0 popsize 151
730000 468.0 popsize 151
740000 468.0 popsize 151
750000 468.0 popsize 151
760000 468.0 popsize 151
770000 468.0 popsize 151
780000 468.0 popsize 151
790000 468.0 popsize 151
800000 468.0 popsize 151
810000 468.0 popsize 151
820000 468.0 popsize 151
830000 468.0 popsize 151
840000 468.0 popsize 151
850000 468.0 popsize 151
860000 468.0 popsize 151
870000 468.0 popsize 151
880000 468.0 popsize 151
890000 468.0 popsize 151
900000 468.0 popsize 151
910000 468.0 popsize 151
920000 468.0 popsize 151
930000 468.0 popsize 151
940000 468.0 popsize 151
950000 468.0 popsize 151
960000 468.0 popsize 151
970000 468.0 popsize 151
980000 468.0 popsize 151
990000 468.0 popsize 151
1000000 468.0 popsize 151
1010000 468.0 popsize 151
1020000 468.0 popsize 151
1030000 468.0 popsize 151
1040000 468.0 popsize 151
1050000 468.0 popsize 151
1060000 468.0 popsize 151
1070000 468.0 popsize 151
1080000 468.0 popsize 151
1090000 468.0 popsize 151
1100000 468.0 popsize 151
1110000 468.0 popsize 151
1120000 468.0 popsize 151
1130000 468.0 popsize 151
1140000 468.0 popsize 151
1150000 468.0 popsize 151
1160000 468.0 popsize 151
1170000 468.0 popsize 151
1180000 468.0 popsize 151
1190000 468.0 popsize 151
1200000 468.0 popsize 151
595
[ 5477  5330  4625  4226  3601  5042  3845  4226  3845  5330  5185  3601
  5626  5777  6242  3482  2501  3365  5042  4625  4226  3137  5185  3845
  4097  3482  3722  5930  2810  5330  3845  5185  3970  3722  4625  4226
  5042  4625  5330  3482  3722  4490  4357  4357  4762  5042  3845  4625
  5042  4762  3845 10405 15877 12322 11665 11882 14642 13690 13226 12322
 14885 11450 12770 12545 12545 13226 14642 11026  5930  6890  6890  8101
  7570  8101  6562  7745  8282  9802  8101  8282  8465  6242  9802  6890
  7397 10202  8465  8837  8837  8465 10405  9802  7745 13457  8650 10610
 11450  8650  9410  9605 12322  8465 13457 10610 14162 13690 12545 13457
 16130 15377 15626 15626 16901 14162 13690 12770 13457 10405 13457 13925
 11026 12322  9605 10001  9605 10610 14162 11237 10405 12101 11882 13457
 10202 10405 11026 10202  7397  5626  7745  9605  6085  7397  7057  7745
  7397  7570  9410  9605  8465  9605  9217  9802  5930 12101  8650  9217
  8650  8837  7745  9026  6890  6562  9605 10001  8101  7570  6890  8837
 10001  7226  9026  8650  8837 11882  9410 11237  8650  8650  9605 10817
  8650  9026  9217  7397 11882  7922  8282 12770 11026 12545  9217 12545
 16385 15130 14401 12101 12770 13457 13226 13457 10610 15626 16901 12545
  5042  5185  5477  6725  6562  7057  4357  5930  3601  5777  5330  6562
  7057  5330  7226  6085  5626 10202 13226  9217 12770 10202  9026 12322
 11450  8465 11026 12770  8101 12101 12770  9605 11237  9026  4097  5185
  4357  4097  4490  4762  4357  4490  4357  5185  4901  5626  3722  5477
  6242  4490  4762 10610  7397  8465  8650  8101 12101  8837  7397 11665
 11450 10817 12101  8837  9410 10405  8650 12101 12322 10817 12322 10405
 12322 14162 13226 11665 12101 12101 16642 11026 11882 11450 13457 13690
 13690  9802  7570  8650 12322  8650 10817 12770  8837 11450 11450 10001
 11882  9410  8465 10202 10405 11450 14162 14162 13226 17425 11450 13690
 14401 10405 15130 10202 10817 14401 13457 16385 12997 12101 12770 11450
  8650  9410  6562 11450 10202 10817  8837  9410  8837  9802  8650 10202
  9026 10001 10610  9605  5626  5477  7397  5185  3970  5626  6562  4625
  4357  4762  5626  4097  4762  4357  4226  3137  5185  7922  9217  7397
  8465  8101  8101  6725  8465  8101  7057  8282  7922  9026  6890  7570
  5930  8650 10610 11237 12545 16901 11665 10405 10202 12322 14642 11665
 12770 10610 10001 12770 12997 13925 13690  9026  9410 10610 12770 10610
  9802 11882 11026 10202  9410 12101 11450 12101 11450 12770  9605 11450
  8101  9026  6242  5777  8101  8465  6085  9605  7226 10001  7570  9026
  8837  7226  7057  8101  7745 13690 11237 11450 12322 11237 10817 10817
 10202 12322 12322 12545 11237  9217 12322 10405  9026  9026 11665 11665
 11237  8650 10001  8837 10405  9026 11026 11665 10405 12101 10817  8101
  9217 10610 12770  9217 10202  8101  9605  9026 10610 10001  8837 12101
 10405 10202  9026 10817 10405 10610  9026 10405  5477  5626  2810  4097
  4490  6725  5930  5330  6562  5185  5330  7397  6562  5777  3845  4762
  5477  4357  3845  3845  3250  4490  5042  3250  4357  3250  3137  3365
  4226  3845  3970  3722  3601  4357 12101 11450 12770 11665 14162 12770
  9802  9026 13690  9217 12101 11450  9410  9802 12322 14885 10405 17425
 17425 15877 14162 15130 13690 14401 16385 14401 13226 14642 14401 16642
 15626 12545 14885 14162  5930  5477  7745  7745  5777  7570  6562  6401
  7057  6401  6242  6725  5626  4901  8650  4357  6890  9026 11665  9026
 12101 10202  9410 11237  9605 10610  7570  9410  8650  7397  7922 10202
 11237  6242  6242  6401  6890  7397  5626  7057  7745  5477  5626  6242
  7570  6725  5330  5185  5477  5477  4625]
40000
30902.378151260506 40000 49097.621848739494
10000 441.0 popsize 151
20000 449.0 popsize 151
30000 449.0 popsize 151
40000 450.0 popsize 151
50000 450.0 popsize 151
60000 450.0 popsize 151
70000 452.0 popsize 151
80000 459.0 popsize 151
90000 464.0 popsize 151
100000 464.0 popsize 151
110000 464.0 popsize 151
120000 464.0 popsize 151
130000 464.0 popsize 151
140000 464.0 popsize 151
150000 464.0 popsize 151
160000 464.0 popsize 151
170000 464.0 popsize 151
180000 464.0 popsize 151
190000 464.0 popsize 151
200000 464.0 popsize 151
210000 464.0 popsize 151
220000 464.0 popsize 151
230000 464.0 popsize 151
240000 464.0 popsize 151
250000 464.0 popsize 151
260000 464.0 popsize 151
270000 464.0 popsize 151
280000 464.0 popsize 151
290000 464.0 popsize 151
300000 464.0 popsize 151
310000 464.0 popsize 151
320000 464.0 popsize 151
330000 464.0 popsize 151
340000 464.0 popsize 151
350000 464.0 popsize 151
360000 464.0 popsize 151
370000 464.0 popsize 151
380000 464.0 popsize 151
390000 464.0 popsize 151
400000 464.0 popsize 151
410000 464.0 popsize 151
420000 464.0 popsize 151
430000 464.0 popsize 151
440000 464.0 popsize 151
450000 464.0 popsize 151
460000 466.0 popsize 151
470000 466.0 popsize 151
480000 466.0 popsize 151
490000 466.0 popsize 151
500000 466.0 popsize 151
510000 466.0 popsize 151
520000 466.0 popsize 151
530000 466.0 popsize 151
540000 466.0 popsize 151
550000 466.0 popsize 151
560000 466.0 popsize 151
570000 466.0 popsize 151
580000 466.0 popsize 151
590000 466.0 popsize 151
600000 466.0 popsize 151
610000 466.0 popsize 151
620000 466.0 popsize 151
630000 466.0 popsize 151
640000 466.0 popsize 151
650000 466.0 popsize 151
660000 466.0 popsize 151
670000 466.0 popsize 151
680000 466.0 popsize 151
690000 466.0 popsize 151
700000 466.0 popsize 151
710000 466.0 popsize 151
720000 466.0 popsize 151
730000 466.0 popsize 151
740000 466.0 popsize 151
750000 466.0 popsize 151
760000 466.0 popsize 151
770000 466.0 popsize 151
780000 466.0 popsize 151
790000 466.0 popsize 151
800000 466.0 popsize 151
810000 466.0 popsize 151
820000 466.0 popsize 151
830000 466.0 popsize 151
840000 466.0 popsize 151
850000 466.0 popsize 151
860000 466.0 popsize 151
870000 466.0 popsize 151
880000 466.0 popsize 151
890000 466.0 popsize 151
900000 466.0 popsize 151
910000 466.0 popsize 151
920000 466.0 popsize 151
930000 466.0 popsize 151
940000 466.0 popsize 151
950000 466.0 popsize 151
960000 466.0 popsize 151
970000 466.0 popsize 151
980000 466.0 popsize 151
990000 466.0 popsize 151
1000000 466.0 popsize 151
1010000 466.0 popsize 151
1020000 466.0 popsize 151
1030000 466.0 popsize 151
1040000 466.0 popsize 151
1050000 466.0 popsize 151
1060000 466.0 popsize 151
1070000 466.0 popsize 151
1080000 466.0 popsize 151
1090000 466.0 popsize 151
1100000 466.0 popsize 151
1110000 466.0 popsize 151
1120000 466.0 popsize 151
1130000 466.0 popsize 151
1140000 466.0 popsize 151
1150000 466.0 popsize 151
1160000 466.0 popsize 151
1170000 466.0 popsize 151
1180000 466.0 popsize 151
1190000 466.0 popsize 151
1200000 466.0 popsize 151

Process finished with exit code 0
