10000
440.0
20000
454.0
30000
458.0
40000
458.0
50000
458.0
60000
459.0
70000
459.0
80000
459.0
90000
464.0
100000
464.0
110000
464.0
120000
464.0
130000
465.0
140000
465.0
150000
465.0
160000
465.0
170000
465.0
180000
465.0
190000
465.0
200000
465.0
210000
465.0
220000
465.0
230000
465.0
240000
465.0
250000
465.0
260000
465.0
270000
466.0
280000
466.0
290000
466.0
300000
466.0
310000
466.0
320000
466.0
330000
466.0
340000
466.0
350000
466.0
360000
466.0
370000
466.0
380000
466.0
390000
466.0
400000
466.0
410000
466.0
420000
466.0
430000
466.0
440000
466.0
450000
466.0
460000
466.0
470000
466.0
480000
466.0
490000
466.0
500000
466.0
510000
466.0
520000
466.0
530000
466.0
540000
466.0
550000
466.0
560000
466.0
570000
466.0
580000
466.0
590000
466.0
600000
466.0
610000
466.0
620000
466.0
630000
466.0
640000
466.0
650000
466.0
660000
466.0
670000
466.0
680000
466.0
690000
466.0
700000
466.0
710000
466.0
720000
466.0
730000
466.0
740000
466.0
750000
466.0
760000
466.0
770000
466.0
780000
466.0
790000
466.0
800000
466.0
810000
466.0
820000
466.0
830000
468.0
840000
468.0
850000
468.0
860000
468.0
870000
468.0
880000
468.0
890000
468.0
900000
468.0
910000
468.0
920000
468.0
930000
468.0
940000
468.0
950000
468.0
960000
468.0
970000
468.0
980000
468.0
990000
468.0
1000000
468.0
1010000
468.0
1020000
468.0
1030000
468.0
1040000
468.0
1050000
468.0
1060000
468.0
1070000
468.0
1080000
468.0
1090000
468.0
1100000
468.0
1110000
468.0
1120000
468.0
1130000
468.0
1140000
468.0
1150000
468.0
1160000
468.0
1170000
468.0
1180000
468.0
1190000
468.0
1200000
468.0
10000
436.0
20000
448.0
30000
461.0
40000
461.0
50000
461.0
60000
464.0
70000
464.0
80000
464.0
90000
465.0
100000
465.0
110000
465.0
120000
465.0
130000
465.0
140000
465.0
150000
465.0
160000
465.0
170000
465.0
180000
465.0
190000
465.0
200000
465.0
210000
465.0
220000
468.0
230000
468.0
240000
468.0
250000
468.0
260000
468.0
270000
468.0
280000
468.0
290000
468.0
300000
468.0
310000
468.0
320000
468.0
330000
468.0
340000
468.0
350000
468.0
360000
468.0
370000
468.0
380000
468.0
390000
468.0
400000
468.0
410000
468.0
420000
468.0
430000
468.0
440000
468.0
450000
468.0
460000
468.0
470000
468.0
480000
468.0
490000
468.0
500000
468.0
510000
468.0
520000
468.0
530000
468.0
540000
468.0
550000
468.0
560000
468.0
570000
468.0
580000
468.0
590000
468.0
600000
468.0
610000
468.0
620000
468.0
630000
468.0
640000
468.0
650000
468.0
660000
468.0
670000
468.0
680000
468.0
690000
468.0
700000
468.0
710000
468.0
720000
468.0
730000
468.0
740000
468.0
750000
468.0
760000
468.0
770000
468.0
780000
468.0
790000
468.0
800000
468.0
810000
468.0
820000
468.0
830000
468.0
840000
468.0
850000
468.0
860000
468.0
870000
468.0
880000
468.0
890000
468.0
900000
468.0
910000
468.0
920000
468.0
930000
468.0
940000
468.0
950000
468.0
960000
468.0
970000
468.0
980000
468.0
990000
468.0
1000000
468.0
1010000
468.0
1020000
468.0
1030000
468.0
1040000
468.0
1050000
468.0
1060000
468.0
1070000
468.0
1080000
468.0
1090000
468.0
1100000
468.0
1110000
468.0
1120000
468.0
1130000
468.0
1140000
468.0
1150000
468.0
1160000
468.0
1170000
468.0
1180000
468.0
1190000
468.0
1200000
468.0
10000
430.0
20000
447.0
30000
454.0
40000
454.0
50000
457.0
60000
458.0
70000
458.0
80000
462.0
90000
462.0
100000
462.0
110000
462.0
120000
462.0
130000
464.0
140000
464.0
150000
464.0
160000
464.0
170000
464.0
180000
464.0
190000
464.0
200000
464.0
210000
464.0
220000
464.0
230000
464.0
240000
464.0
250000
464.0
260000
464.0
270000
464.0
280000
464.0
290000
464.0
300000
464.0
310000
464.0
320000
464.0
330000
464.0
340000
464.0
350000
464.0
360000
464.0
370000
464.0
380000
464.0
390000
464.0
400000
464.0
410000
464.0
420000
464.0
430000
464.0
440000
464.0
450000
464.0
460000
464.0
470000
464.0
480000
464.0
490000
464.0
500000
464.0
510000
464.0
520000
464.0
530000
464.0
540000
464.0
550000
464.0
560000
464.0
570000
464.0
580000
464.0
590000
464.0
600000
464.0
610000
464.0
620000
464.0
630000
464.0
640000
464.0
650000
464.0
660000
464.0
670000
464.0
680000
464.0
690000
465.0
700000
465.0
710000
465.0
720000
465.0
730000
465.0
740000
465.0
750000
465.0
760000
465.0
770000
465.0
780000
465.0
790000
465.0
800000
465.0
810000
465.0
820000
465.0
830000
465.0
840000
465.0
850000
465.0
860000
465.0
870000
465.0
880000
465.0
890000
465.0
900000
465.0
910000
465.0
920000
465.0
930000
465.0
940000
465.0
950000
465.0
960000
465.0
970000
465.0
980000
465.0
990000
465.0
1000000
465.0
1010000
465.0
1020000
465.0
1030000
465.0
1040000
465.0
1050000
465.0
1060000
465.0
1070000
465.0
1080000
465.0
1090000
465.0
1100000
465.0
1110000
465.0
1120000
466.0
1130000
466.0
1140000
466.0
1150000
466.0
1160000
466.0
1170000
466.0
1180000
466.0
1190000
466.0
1200000
466.0
10000
432.0
20000
450.0
30000
450.0
40000
457.0
50000
457.0
60000
457.0
70000
457.0
80000
458.0
90000
458.0
100000
459.0
110000
459.0
120000
459.0
130000
461.0
140000
461.0
150000
461.0
160000
461.0
170000
461.0
180000
461.0
190000
461.0
200000
461.0
210000
461.0
220000
461.0
230000
461.0
240000
461.0
250000
461.0
260000
463.0
270000
463.0
280000
463.0
290000
463.0
300000
463.0
310000
463.0
320000
463.0
330000
463.0
340000
463.0
350000
463.0
360000
463.0
370000
463.0
380000
463.0
390000
463.0
400000
463.0
410000
464.0
420000
464.0
430000
465.0
440000
465.0
450000
465.0
460000
465.0
470000
465.0
480000
465.0
490000
465.0
500000
465.0
510000
465.0
520000
465.0
530000
465.0
540000
465.0
550000
465.0
560000
465.0
570000
465.0
580000
465.0
590000
465.0
600000
465.0
610000
465.0
620000
465.0
630000
465.0
640000
465.0
650000
465.0
660000
465.0
670000
465.0
680000
465.0
690000
465.0
700000
465.0
710000
465.0
720000
465.0
730000
465.0
740000
465.0
750000
465.0
760000
465.0
770000
465.0
780000
465.0
790000
465.0
800000
465.0
810000
465.0
820000
468.0
830000
468.0
840000
468.0
850000
468.0
860000
468.0
870000
468.0
880000
468.0
890000
468.0
900000
468.0
910000
468.0
920000
468.0
930000
468.0
940000
468.0
950000
468.0
960000
468.0
970000
468.0
980000
468.0
990000
468.0
1000000
468.0
1010000
468.0
1020000
468.0
1030000
468.0
1040000
468.0
1050000
468.0
1060000
468.0
1070000
468.0
1080000
468.0
1090000
468.0
1100000
468.0
1110000
468.0
1120000
468.0
1130000
468.0
1140000
468.0
1150000
468.0
1160000
468.0
1170000
468.0
1180000
468.0
1190000
468.0
1200000
468.0
10000
432.0
20000
440.0
30000
444.0
40000
447.0
50000
453.0
60000
456.0
70000
458.0
80000
460.0
90000
460.0
100000
460.0
110000
463.0
120000
465.0
130000
465.0
140000
465.0
150000
465.0
160000
465.0
170000
465.0
180000
465.0
190000
465.0
200000
465.0
210000
465.0
220000
465.0
230000
465.0
240000
465.0
250000
465.0
260000
465.0
270000
465.0
280000
465.0
290000
465.0
300000
465.0
310000
465.0
320000
465.0
330000
465.0
340000
465.0
350000
465.0
360000
465.0
370000
465.0
380000
465.0
390000
465.0
400000
465.0
410000
465.0
420000
465.0
430000
465.0
440000
465.0
450000
465.0
460000
465.0
470000
465.0
480000
465.0
490000
465.0
500000
465.0
510000
465.0
520000
465.0
530000
465.0
540000
465.0
550000
465.0
560000
465.0
570000
465.0
580000
465.0
590000
465.0
600000
465.0
610000
465.0
620000
465.0
630000
465.0
640000
465.0
650000
465.0
660000
465.0
670000
465.0
680000
465.0
690000
465.0
700000
465.0
710000
465.0
720000
465.0
730000
465.0
740000
465.0
750000
465.0
760000
465.0
770000
465.0
780000
465.0
790000
465.0
800000
465.0
810000
465.0
820000
465.0
830000
465.0
840000
465.0
850000
465.0
860000
465.0
870000
465.0
880000
465.0
890000
465.0
900000
465.0
910000
465.0
920000
465.0
930000
465.0
940000
465.0
950000
465.0
960000
465.0
970000
465.0
980000
465.0
990000
465.0
1000000
465.0
1010000
465.0
1020000
465.0
1030000
465.0
1040000
465.0
1050000
465.0
1060000
465.0
1070000
465.0
1080000
465.0
1090000
465.0
1100000
465.0
1110000
465.0
1120000
465.0
1130000
465.0
1140000
465.0
1150000
465.0
1160000
465.0
1170000
465.0
1180000
465.0
1190000
465.0
1200000
465.0
10000
441.0
20000
448.0
30000
452.0
40000
455.0
50000
463.0
60000
463.0
70000
464.0
80000
464.0
90000
464.0
100000
464.0
110000
464.0
120000
464.0
130000
464.0
140000
464.0
150000
464.0
160000
464.0
170000
464.0
180000
464.0
190000
464.0
200000
464.0
210000
464.0
220000
464.0
230000
466.0
240000
466.0
250000
466.0
260000
466.0
270000
466.0
280000
466.0
290000
466.0
300000
466.0
310000
466.0
320000
466.0
330000
466.0
340000
466.0
350000
466.0
360000
466.0
370000
466.0
380000
466.0
390000
466.0
400000
466.0
410000
466.0
420000
466.0
430000
466.0
440000
466.0
450000
466.0
460000
466.0
470000
466.0
480000
466.0
490000
466.0
500000
466.0
510000
466.0
520000
466.0
530000
466.0
540000
466.0
550000
466.0
560000
466.0
570000
466.0
580000
466.0
590000
466.0
600000
466.0
610000
466.0
620000
466.0
630000
466.0
640000
466.0
650000
466.0
660000
466.0
670000
466.0
680000
466.0
690000
466.0
700000
466.0
710000
466.0
720000
466.0
730000
466.0
740000
466.0
750000
466.0
760000
466.0
770000
466.0
780000
466.0
790000
466.0
800000
466.0
810000
466.0
820000
466.0
830000
466.0
840000
466.0
850000
466.0
860000
466.0
870000
466.0
880000
466.0
890000
466.0
900000
466.0
910000
466.0
920000
466.0
930000
466.0
940000
466.0
950000
466.0
960000
466.0
970000
466.0
980000
466.0
990000
466.0
1000000
466.0
1010000
466.0
1020000
466.0
1030000
466.0
1040000
466.0
1050000
466.0
1060000
466.0
1070000
466.0
1080000
466.0
1090000
466.0
1100000
466.0
1110000
466.0
1120000
466.0
1130000
466.0
1140000
466.0
1150000
466.0
1160000
466.0
1170000
466.0
1180000
466.0
1190000
466.0
1200000
466.0
10000
434.0
20000
447.0
30000
454.0
40000
455.0
50000
461.0
60000
464.0
70000
465.0
80000
465.0
90000
465.0
100000
465.0
110000
465.0
120000
465.0
130000
465.0
140000
465.0
150000
465.0
160000
465.0
170000
465.0
180000
465.0
190000
465.0
200000
465.0
210000
465.0
220000
465.0
230000
465.0
240000
465.0
250000
465.0
260000
465.0
270000
465.0
280000
468.0
290000
468.0
300000
468.0
310000
468.0
320000
468.0
330000
468.0
340000
468.0
350000
468.0
360000
468.0
370000
468.0
380000
468.0
390000
468.0
400000
468.0
410000
468.0
420000
468.0
430000
468.0
440000
468.0
450000
468.0
460000
468.0
470000
468.0
480000
468.0
490000
468.0
500000
468.0
510000
468.0
520000
468.0
530000
468.0
540000
468.0
550000
468.0
560000
468.0
570000
468.0
580000
468.0
590000
468.0
600000
468.0
610000
468.0
620000
468.0
630000
468.0
640000
468.0
650000
468.0
660000
468.0
670000
468.0
680000
468.0
690000
468.0
700000
468.0
710000
468.0
720000
468.0
730000
468.0
740000
468.0
750000
468.0
760000
468.0
770000
468.0
780000
468.0
790000
468.0
800000
468.0
810000
468.0
820000
468.0
830000
468.0
840000
468.0
850000
468.0
860000
468.0
870000
468.0
880000
468.0
890000
468.0
900000
468.0
910000
468.0
920000
468.0
930000
468.0
940000
468.0
950000
468.0
960000
468.0
970000
468.0
980000
468.0
990000
468.0
1000000
468.0
1010000
468.0
1020000
468.0
1030000
468.0
1040000
468.0
1050000
468.0
1060000
468.0
1070000
468.0
1080000
468.0
1090000
468.0
1100000
468.0
1110000
468.0
1120000
468.0
1130000
468.0
1140000
468.0
1150000
468.0
1160000
468.0
1170000
468.0
1180000
468.0
1190000
468.0
1200000
468.0
10000
437.0
20000
449.0
30000
453.0
40000
456.0
50000
458.0
60000
458.0
70000
458.0
80000
458.0
90000
458.0
100000
458.0
110000
458.0
120000
458.0
130000
459.0
140000
459.0
150000
459.0
160000
459.0
170000
459.0
180000
459.0
190000
460.0
200000
460.0
210000
460.0
220000
460.0
230000
460.0
240000
460.0
250000
460.0
260000
460.0
270000
460.0
280000
460.0
290000
460.0
300000
460.0
310000
460.0
320000
460.0
330000
460.0
340000
460.0
350000
463.0
360000
463.0
370000
463.0
380000
463.0
390000
463.0
400000
463.0
410000
463.0
420000
463.0
430000
463.0
440000
463.0
450000
463.0
460000
463.0
470000
463.0
480000
463.0
490000
463.0
500000
463.0
510000
463.0
520000
463.0
530000
463.0
540000
463.0
550000
463.0
560000
463.0
570000
463.0
580000
463.0
590000
463.0
600000
463.0
610000
463.0
620000
463.0
630000
463.0
640000
463.0
650000
463.0
660000
463.0
670000
463.0
680000
463.0
690000
463.0
700000
466.0
710000
466.0
720000
466.0
730000
466.0
740000
466.0
750000
466.0
760000
466.0
770000
466.0
780000
466.0
790000
466.0
800000
466.0
810000
466.0
820000
466.0
830000
466.0
840000
466.0
850000
466.0
860000
466.0
870000
466.0
880000
466.0
890000
466.0
900000
466.0
910000
466.0
920000
466.0
930000
466.0
940000
466.0
950000
466.0
960000
466.0
970000
466.0
980000
466.0
990000
466.0
1000000
466.0
1010000
466.0
1020000
466.0
1030000
466.0
1040000
466.0
1050000
466.0
1060000
466.0
1070000
466.0
1080000
466.0
1090000
466.0
1100000
466.0
1110000
466.0
1120000
466.0
1130000
466.0
1140000
466.0
1150000
466.0
1160000
466.0
1170000
466.0
1180000
466.0
1190000
466.0
1200000
466.0
10000
438.0
20000
447.0
30000
455.0
40000
455.0
50000
455.0
60000
455.0
70000
459.0
80000
459.0
90000
459.0
100000
461.0
110000
462.0
120000
463.0
130000
465.0
140000
465.0
150000
465.0
160000
466.0
170000
466.0
180000
466.0
190000
466.0
200000
466.0
210000
466.0
220000
466.0
230000
466.0
240000
466.0
250000
466.0
260000
466.0
270000
466.0
280000
466.0
290000
466.0
300000
466.0
310000
466.0
320000
466.0
330000
466.0
340000
466.0
350000
466.0
360000
466.0
370000
466.0
380000
466.0
390000
466.0
400000
466.0
410000
466.0
420000
466.0
430000
466.0
440000
466.0
450000
466.0
460000
466.0
470000
466.0
480000
466.0
490000
466.0
500000
466.0
510000
466.0
520000
466.0
530000
466.0
540000
466.0
550000
466.0
560000
466.0
570000
466.0
580000
466.0
590000
466.0
600000
466.0
610000
466.0
620000
466.0
630000
466.0
640000
466.0
650000
466.0
660000
466.0
670000
466.0
680000
466.0
690000
466.0
700000
466.0
710000
466.0
720000
466.0
730000
466.0
740000
466.0
750000
466.0
760000
466.0
770000
466.0
780000
466.0
790000
466.0
800000
466.0
810000
466.0
820000
466.0
830000
466.0
840000
466.0
850000
466.0
860000
466.0
870000
466.0
880000
466.0
890000
466.0
900000
466.0
910000
466.0
920000
466.0
930000
466.0
940000
466.0
950000
466.0
960000
466.0
970000
466.0
980000
466.0
990000
466.0
1000000
466.0
1010000
466.0
1020000
466.0
1030000
466.0
1040000
466.0
1050000
466.0
1060000
466.0
1070000
466.0
1080000
466.0
1090000
466.0
1100000
466.0
1110000
466.0
1120000
466.0
1130000
466.0
1140000
466.0
1150000
466.0
1160000
466.0
1170000
466.0
1180000
466.0
1190000
466.0
1200000
466.0
10000
436.0
20000
450.0
30000
452.0
40000
458.0
50000
458.0
60000
458.0
70000
458.0
80000
462.0
90000
465.0
100000
465.0
110000
465.0
120000
468.0
130000
468.0
140000
468.0
150000
468.0
160000
468.0
170000
468.0
180000
468.0
190000
468.0
200000
468.0
210000
468.0
220000
468.0
230000
468.0
240000
468.0
250000
468.0
260000
468.0
270000
468.0
280000
468.0
290000
468.0
300000
468.0
310000
468.0
320000
468.0
330000
468.0
340000
468.0
350000
468.0
360000
468.0
370000
468.0
380000
468.0
390000
468.0
400000
468.0
410000
468.0
420000
468.0
430000
468.0
440000
468.0
450000
468.0
460000
468.0
470000
468.0
480000
468.0
490000
468.0
500000
468.0
510000
468.0
520000
468.0
530000
468.0
540000
468.0
550000
468.0
560000
468.0
570000
468.0
580000
468.0
590000
468.0
600000
468.0
610000
468.0
620000
468.0
630000
468.0
640000
468.0
650000
468.0
660000
468.0
670000
468.0
680000
468.0
690000
468.0
700000
468.0
710000
468.0
720000
468.0
730000
468.0
740000
468.0
750000
468.0
760000
468.0
770000
468.0
780000
468.0
790000
468.0
800000
468.0
810000
468.0
820000
468.0
830000
468.0
840000
468.0
850000
468.0
860000
468.0
870000
468.0
880000
468.0
890000
468.0
900000
468.0
910000
468.0
920000
468.0
930000
468.0
940000
468.0
950000
468.0
960000
468.0
970000
468.0
980000
468.0
990000
468.0
1000000
468.0
1010000
468.0
1020000
468.0
1030000
468.0
1040000
468.0
1050000
468.0
1060000
468.0
1070000
468.0
1080000
468.0
1090000
468.0
1100000
468.0
1110000
468.0
1120000
468.0
1130000
468.0
1140000
468.0
1150000
468.0
1160000
468.0
1170000
468.0
1180000
468.0
1190000
468.0
1200000
468.0
