2000
22.6335
4000
22.1471
6000
22.2946
8000
22.0458
10000
22.412
12000
22.2938
14000
22.0638
16000
22.221
18000
23.5674
20000
23.7055
22000
23.2826
24000
23.4905
26000
23.2934
28000
23.557
30000
23.4165
32000
23.4544
34000
23.2401
36000
23.4416
38000
23.6799
40000
22.9827
42000
23.0212
44000
22.9921
46000
22.8142
48000
22.632
50000
22.8831
52000
22.9752
54000
22.9163
56000
22.9246
58000
22.8788
60000
23.2199
62000
23.0338
64000
22.8561
66000
23.0138
68000
23.0521
70000
22.9051
72000
22.8858
74000
22.8375
76000
22.8248
78000
22.8147
80000
22.8495
82000
22.9113
84000
22.7331
86000
22.9542
88000
22.8002
90000
22.7558
92000
22.7801
94000
23.0672
96000
22.9235
98000
22.7739
100000
22.7908
2000
22.1194
4000
22.1577
6000
22.7966
8000
22.8646
10000
22.6694
12000
22.6776
14000
22.8297
16000
22.6417
18000
22.8229
20000
22.6823
22000
22.6574
24000
22.7277
26000
22.6336
28000
22.7452
30000
22.7923
32000
22.6968
34000
23.1354
36000
22.7086
38000
22.6907
40000
22.864
42000
22.7809
44000
22.821
46000
22.7212
48000
22.74
50000
22.8906
52000
22.9599
54000
22.797
56000
22.6772
58000
22.6788
60000
22.8566
62000
22.9131
64000
22.8828
66000
22.937
68000
22.706
70000
22.8349
72000
22.8152
74000
22.8233
76000
22.9939
78000
22.9012
80000
22.8597
82000
22.7412
84000
22.8712
86000
22.6351
88000
22.8601
90000
22.648
92000
22.5005
94000
22.7656
96000
22.9979
98000
22.6792
100000
22.8795
2000
21.7698
4000
22.7035
6000
22.1592
8000
22.0869
10000
23.4032
12000
23.3475
14000
23.2935
16000
23.3448
18000
22.7719
20000
23.0355
22000
22.8605
24000
22.8722
26000
22.9509
28000
22.8677
30000
22.8392
32000
22.9589
34000
22.8068
36000
22.7642
38000
22.683
40000
22.9405
42000
22.8023
44000
22.8368
46000
22.7439
48000
22.7648
50000
22.628
52000
22.9445
54000
22.9691
56000
22.7671
58000
22.6954
60000
22.7529
62000
22.7155
64000
22.7702
66000
22.7513
68000
22.6325
70000
22.7099
72000
22.2115
74000
22.2553
76000
22.1525
78000
22.1109
80000
22.1739
82000
21.9062
84000
22.3551
86000
22.3145
88000
22.2784
90000
22.2485
92000
22.0975
94000
22.2333
96000
22.2398
98000
22.2452
100000
22.1899
2000
22.4179
4000
22.7692
6000
22.8391
8000
22.7655
10000
22.9896
12000
22.9537
14000
22.8524
16000
22.5731
18000
22.5962
20000
22.8974
22000
22.8831
24000
22.0657
26000
22.1898
28000
22.1202
30000
22.23
32000
22.0854
34000
22.8472
36000
22.42
38000
21.9791
40000
22.3505
42000
22.4703
44000
22.2708
46000
22.0988
48000
22.2926
50000
22.3101
52000
22.2263
54000
22.2654
56000
22.1741
58000
22.3613
60000
22.2303
62000
22.101
64000
22.293
66000
22.14
68000
22.2195
70000
22.1244
72000
22.4456
74000
22.3203
76000
22.0474
78000
22.4142
80000
22.0722
82000
22.2833
84000
22.4927
86000
22.2482
88000
22.0367
90000
22.3566
92000
22.2571
94000
22.3595
96000
22.3184
98000
22.5164
100000
22.4672
2000
21.8941
4000
22.0053
6000
21.7158
8000
21.9841
10000
21.7773
12000
23.3097
14000
23.1288
16000
23.2228
18000
23.1605
20000
23.2815
22000
23.1194
24000
23.0014
26000
23.104
28000
23.1883
30000
23.2506
32000
23.1806
34000
23.2257
36000
23.0341
38000
23.319
40000
23.1277
42000
23.1375
44000
22.9543
46000
23.1689
48000
22.8579
50000
22.9519
52000
23.0017
54000
23.0011
56000
22.9626
58000
23.1241
60000
23.1577
62000
23.086
64000
23.0864
66000
22.9894
68000
22.9905
70000
23.2909
72000
22.9404
74000
23.2354
76000
23.1958
78000
23.1556
80000
23.1965
82000
23.1023
84000
23.044
86000
23.1281
88000
23.0987
90000
22.9867
92000
22.8989
94000
23.1162
96000
23.0725
98000
23.1972
100000
23.051
2000
21.3905
4000
22.3515
6000
22.4914
8000
21.6399
10000
21.681
12000
21.5898
14000
22.1264
16000
22.0011
18000
21.9993
20000
22.0907
22000
22.991
24000
22.8718
26000
22.9772
28000
22.872
30000
22.905
32000
22.8064
34000
22.7611
36000
23.0802
38000
22.6832
40000
22.7606
42000
22.6863
44000
22.8543
46000
22.8677
48000
23.5774
50000
23.6269
52000
23.4673
54000
23.4984
56000
23.3861
58000
23.4774
60000
23.7219
62000
23.565
64000
23.6043
66000
22.7683
68000
22.9499
70000
23.0251
72000
23.0192
74000
22.9681
76000
22.8909
78000
23.0418
80000
23.1672
82000
22.7901
84000
22.8098
86000
22.8677
88000
22.9106
90000
23.0636
92000
22.6593
94000
23.0029
96000
22.9224
98000
22.7587
100000
22.9829
2000
22.101
4000
21.9245
6000
22.1536
8000
22.3587
10000
22.0449
12000
21.8979
14000
22.0201
16000
22.8989
18000
22.8772
20000
22.9376
22000
22.6616
24000
22.9558
26000
22.9984
28000
22.869
30000
22.9023
32000
22.9157
34000
22.7238
36000
22.9767
38000
22.6107
40000
22.7536
42000
22.9797
44000
22.8615
46000
22.8982
48000
23.4771
50000
23.4785
52000
23.3107
54000
23.4329
56000
23.721
58000
23.5985
60000
23.5058
62000
23.5493
64000
23.4601
66000
23.4034
68000
23.2439
70000
23.4332
72000
23.5996
74000
23.4064
76000
23.4669
78000
23.3366
80000
23.3372
82000
23.405
84000
23.4113
86000
23.173
88000
23.4482
90000
22.8084
92000
22.9879
94000
22.7992
96000
22.8958
98000
22.9612
100000
22.6288
2000
22.3147
4000
22.6732
6000
22.0695
8000
21.9951
10000
22.5211
12000
22.2795
14000
22.3383
16000
22.3553
18000
22.4009
20000
22.4329
22000
22.2849
24000
22.1417
26000
22.2604
28000
22.2654
30000
22.3718
32000
22.3077
34000
22.5015
36000
22.1159
38000
22.1981
40000
22.321
42000
22.3857
44000
22.399
46000
22.4231
48000
22.3906
50000
22.3668
52000
23.2503
54000
23.3172
56000
22.8727
58000
22.978
60000
23.1807
62000
23.298
64000
22.9611
66000
23.0645
68000
23.2319
70000
23.1308
72000
23.0827
74000
23.075
76000
22.8694
78000
22.8435
80000
22.9101
82000
22.8488
84000
22.8057
86000
22.8825
88000
22.8495
90000
22.826
92000
22.9154
94000
23.203
96000
22.9955
98000
22.6663
100000
23.0007
2000
23.0347
4000
22.6761
6000
23.2845
8000
23.5385
10000
22.8862
12000
22.8893
14000
22.8652
16000
22.8939
18000
22.84
20000
22.8562
22000
22.8799
24000
22.895
26000
22.9125
28000
22.7678
30000
22.9553
32000
22.9327
34000
22.8229
36000
22.9084
38000
22.7728
40000
22.8608
42000
22.6605
44000
22.688
46000
22.9223
48000
22.8465
50000
22.6756
52000
22.8844
54000
22.868
56000
22.8993
58000
22.7734
60000
22.8235
62000
22.8308
64000
22.9363
66000
22.7966
68000
22.6672
70000
22.7269
72000
22.8162
74000
22.9932
76000
22.8599
78000
22.9395
80000
22.6548
82000
22.89
84000
22.519
86000
22.9478
88000
23.1286
90000
22.885
92000
22.7714
94000
22.8791
96000
22.8531
98000
22.6972
100000
22.7465
2000
21.3357
4000
21.6055
6000
22.5549
8000
22.5278
10000
22.5516
12000
22.7086
14000
22.7602
16000
22.091
18000
22.2396
20000
22.8751
22000
23.0402
24000
22.9211
26000
22.9628
28000
23.1333
30000
22.9177
32000
22.9882
34000
23.3045
36000
23.497
38000
23.3958
40000
23.4542
42000
23.5862
44000
23.4431
46000
23.4391
48000
23.4858
50000
23.5631
52000
23.5933
54000
23.5914
56000
23.3603
58000
23.4975
60000
23.5759
62000
23.4887
64000
23.7174
66000
23.5169
68000
23.3038
70000
23.6029
72000
23.4625
74000
23.3464
76000
23.357
78000
23.6463
80000
23.6332
82000
23.4692
84000
23.6655
86000
23.2634
88000
23.3749
90000
23.3119
92000
23.4319
94000
23.4195
96000
23.3362
98000
23.4333
100000
23.6771
2000
21.9935
4000
22.4241
6000
23.0136
8000
23.3408
10000
23.1334
12000
23.1572
14000
23.4387
16000
23.2739
18000
23.3969
20000
23.1254
22000
23.3903
24000
23.2517
26000
23.2753
28000
23.1048
30000
23.1741
32000
23.5311
34000
23.3504
36000
23.2472
38000
23.1908
40000
23.5187
42000
23.2912
44000
23.235
46000
23.269
48000
23.1727
50000
23.2686
52000
23.2103
54000
23.0539
56000
23.2264
58000
23.4848
60000
23.2333
62000
23.1681
64000
23.1523
66000
23.1113
68000
23.3127
70000
23.2248
72000
23.2546
74000
23.4445
76000
23.3321
78000
23.4801
80000
23.2165
82000
23.5054
84000
23.2308
86000
23.4462
88000
23.3087
90000
23.3336
92000
23.0917
94000
23.4157
96000
23.2007
98000
23.2714
100000
23.171
2000
22.6399
4000
22.3213
6000
22.5385
8000
23.2543
10000
22.0488
12000
22.0381
14000
22.3555
16000
22.4915
18000
22.226
20000
22.4175
22000
22.3591
24000
22.5102
26000
22.3892
28000
22.4828
30000
22.4528
32000
22.5794
34000
22.5908
36000
22.3778
38000
22.6869
40000
23.2448
42000
23.4315
44000
23.4238
46000
23.3178
48000
23.4279
50000
23.6185
52000
23.3759
54000
23.1542
56000
23.3193
58000
23.3193
60000
23.1692
62000
23.386
64000
23.3155
66000
23.3578
68000
23.3752
70000
23.3969
72000
23.1853
74000
23.4883
76000
23.3996
78000
23.3219
80000
23.4387
82000
23.3021
84000
23.2699
86000
23.2654
88000
23.2201
90000
23.4584
92000
23.437
94000
23.3191
96000
23.0926
98000
23.4488
100000
23.438
2000
22.2725
4000
22.2026
6000
22.0551
8000
22.0749
10000
22.2392
12000
22.1788
14000
22.1115
16000
22.1456
18000
22.1372
20000
22.1207
22000
21.9148
24000
22.3684
26000
22.129
28000
22.185
30000
22.0845
32000
22.3474
34000
22.0526
36000
22.1126
38000
22.4237
40000
21.9968
42000
22.8986
44000
23.2762
46000
22.8999
48000
22.9824
50000
23.0648
52000
22.9288
54000
23.0577
56000
22.9293
58000
23.0331
60000
22.8796
62000
23.2725
64000
22.9984
66000
23.0978
68000
22.8636
70000
22.9998
72000
22.88
74000
22.9905
76000
23.0304
78000
22.8576
80000
22.8882
82000
22.9324
84000
23.074
86000
23.0053
88000
23.131
90000
23.0332
92000
23.0478
94000
23.0882
96000
22.9127
98000
22.9901
100000
23.0546
2000
23.175
4000
22.9127
6000
23.252
8000
22.7378
10000
22.5287
12000
22.9223
14000
22.7225
16000
22.976
18000
22.9143
20000
22.5828
22000
22.811
24000
22.4491
26000
22.7851
28000
22.4866
30000
22.8028
32000
22.7549
34000
22.4895
36000
22.7391
38000
22.5999
40000
22.8404
42000
22.8022
44000
22.8532
46000
22.9002
48000
22.6573
50000
22.8831
52000
23.3571
54000
23.4017
56000
23.2683
58000
22.8611
60000
23.3556
62000
23.0231
64000
23.0645
66000
23.0974
68000
23.3153
70000
23.2116
72000
23.3697
74000
23.2144
76000
22.98
78000
23.2332
80000
22.9261
82000
23.1999
84000
23.2866
86000
23.354
88000
23.1525
90000
23.225
92000
23.1955
94000
23.3546
96000
22.9539
98000
23.1385
100000
23.5044
2000
22.2382
4000
22.7682
6000
22.9029
8000
22.9306
10000
22.8936
12000
22.7905
14000
22.7645
16000
22.7855
18000
22.8473
20000
22.8753
22000
22.7435
24000
22.7406
26000
22.9021
28000
22.7436
30000
22.8775
32000
22.8796
34000
22.9567
36000
22.8578
38000
22.7745
40000
22.9478
42000
23.0059
44000
22.9833
46000
22.9286
48000
22.7773
50000
22.7887
52000
22.8115
54000
22.9755
56000
22.8119
58000
22.9201
60000
23.034
62000
22.8513
64000
22.7044
66000
22.9583
68000
22.9671
70000
22.8571
72000
22.8328
74000
22.9115
76000
22.8844
78000
22.814
80000
23.1693
82000
22.8008
84000
22.8056
86000
22.8228
88000
22.8117
90000
22.8095
92000
22.6929
94000
22.8428
96000
22.9886
98000
22.7991
100000
22.6442
2000
22.3458
4000
22.8154
6000
22.7545
8000
22.5837
10000
22.7065
12000
22.6946
14000
22.7842
16000
22.6466
18000
22.8668
20000
22.7094
22000
22.7283
24000
22.9541
26000
22.7041
28000
22.7863
30000
22.6203
32000
22.8353
34000
22.8002
36000
22.9014
38000
22.8044
40000
22.7615
42000
22.8524
44000
22.8356
46000
22.9652
48000
22.7094
50000
22.7012
52000
23.4132
54000
23.3315
56000
23.3361
58000
23.114
60000
23.2336
62000
23.0622
64000
23.3584
66000
23.1717
68000
23.1301
70000
23.3403
72000
23.3472
74000
23.262
76000
23.169
78000
23.2402
80000
23.1624
82000
23.1764
84000
23.3307
86000
22.9672
88000
23.1277
90000
23.1233
92000
23.3546
94000
23.0721
96000
23.2562
98000
23.4129
100000
23.4689
2000
22.8396
4000
22.923
6000
23.1294
8000
22.4598
10000
22.6064
12000
22.6555
14000
22.6567
16000
22.7562
18000
22.7849
20000
22.5577
22000
22.543
24000
22.6218
26000
22.5826
28000
22.6234
30000
22.9869
32000
22.6133
34000
22.5453
36000
22.6673
38000
22.423
40000
22.6131
42000
22.5786
44000
22.578
46000
22.6677
48000
22.434
50000
22.3752
52000
22.3674
54000
22.6384
56000
22.296
58000
22.4094
60000
22.3752
62000
22.278
64000
22.5144
66000
22.5403
68000
22.6176
70000
22.1986
72000
22.4489
74000
22.4748
76000
22.7439
78000
22.2936
80000
22.5975
82000
22.5402
84000
22.5365
86000
22.3774
88000
22.4797
90000
22.3548
92000
22.5801
94000
22.2481
96000
22.3685
98000
22.4012
100000
22.4129
2000
22.1065
4000
22.029
6000
22.0325
8000
22.6809
10000
22.7506
12000
22.7126
14000
22.6624
16000
22.7599
18000
22.9494
20000
22.8795
22000
22.645
24000
22.801
26000
22.4907
28000
22.6848
30000
22.6543
32000
22.4914
34000
22.6968
36000
22.5776
38000
22.3536
40000
22.2496
42000
23.5155
44000
23.3357
46000
23.5155
48000
23.3916
50000
23.3198
52000
23.5487
54000
23.2842
56000
23.524
58000
23.1396
60000
23.442
62000
23.4231
64000
23.3138
66000
23.2078
68000
23.2753
70000
23.3778
72000
23.2996
74000
23.4426
76000
23.3875
78000
23.4062
80000
23.2687
82000
23.3387
84000
23.2688
86000
23.2727
88000
23.2332
90000
23.1805
92000
23.5429
94000
23.4072
96000
23.2749
98000
23.3914
100000
23.5106
2000
22.3142
4000
22.7951
6000
22.7949
8000
22.6626
10000
22.8111
12000
22.8652
14000
22.7464
16000
22.7526
18000
22.5091
20000
22.639
22000
22.9743
24000
22.7147
26000
22.6422
28000
22.8411
30000
22.6581
32000
22.6322
34000
22.653
36000
22.6015
38000
22.7709
40000
22.5588
42000
22.9041
44000
22.6682
46000
22.4177
48000
22.8012
50000
22.7494
52000
22.728
54000
23.6332
56000
23.4964
58000
23.3674
60000
23.441
62000
23.4746
64000
23.4179
66000
23.4658
68000
23.4304
70000
23.2912
72000
23.4515
74000
23.4519
76000
23.426
78000
23.3025
80000
23.4088
82000
23.4551
84000
23.5612
86000
23.6387
88000
23.4776
90000
23.6411
92000
23.4492
94000
23.4452
96000
23.3051
98000
23.4061
100000
23.4197
2000
22.4601
4000
22.8127
6000
22.5723
8000
22.4216
10000
22.8302
12000
22.8624
14000
22.8683
16000
22.6106
18000
22.8233
20000
22.4886
22000
22.6439
24000
22.4189
26000
22.676
28000
22.6921
30000
23.1857
32000
23.2789
34000
23.124
36000
23.3156
38000
23.4646
40000
23.1933
42000
23.2336
44000
23.2391
46000
23.1635
48000
23.3525
50000
23.1486
52000
23.3365
54000
23.0474
56000
23.0073
58000
23.2417
60000
23.2446
62000
23.1505
64000
23.2117
66000
23.1636
68000
23.3979
70000
23.3526
72000
23.5424
74000
23.5762
76000
23.4156
78000
23.3941
80000
23.4755
82000
23.4195
84000
23.5649
86000
23.3885
88000
23.5487
90000
23.459
92000
23.5147
94000
23.462
96000
23.3257
98000
23.5514
100000
23.4788
