2000
22.9741
4000
23.1502
6000
22.2631
8000
22.2793
10000
22.3534
12000
23.1817
14000
22.7797
16000
23.3619
18000
23.5406
20000
22.9249
22000
23.0313
24000
23.1679
26000
23.0461
28000
23.1645
30000
22.9668
32000
22.9568
34000
23.0159
36000
22.8512
38000
22.9924
40000
23.2995
42000
23.3572
44000
23.0799
46000
22.9741
48000
22.979
50000
22.8747
52000
23.3537
54000
23.0365
56000
23.1118
58000
23.11
60000
23.2045
62000
23.0449
64000
22.8818
66000
22.8809
68000
23.7225
70000
23.4504
72000
23.3802
74000
23.3592
76000
23.5786
78000
23.3919
80000
23.1499
82000
23.1912
84000
23.4524
86000
23.0686
88000
23.4901
90000
23.2223
92000
23.5136
94000
23.4185
96000
23.3253
98000
23.3283
100000
23.256
2000
23.5329
4000
23.0422
6000
22.8618
8000
23.4517
10000
23.3245
12000
23.5321
14000
23.2513
16000
22.9556
18000
23.1971
20000
22.9702
22000
23.3365
24000
22.9261
26000
22.8861
28000
22.9079
30000
23.0747
32000
23.012
34000
23.026
36000
23.0813
38000
22.9817
40000
23.3152
42000
22.9954
44000
23.0241
46000
22.9921
48000
23.1913
50000
22.9409
52000
22.9987
54000
23.1975
56000
23.1184
58000
22.9934
60000
23.2254
62000
23.2747
64000
23.0692
66000
22.7359
68000
23.0395
70000
22.7735
72000
23.0562
74000
23.0102
76000
22.9158
78000
22.8418
80000
22.8004
82000
22.788
84000
22.4322
86000
22.5043
88000
22.6733
90000
22.845
92000
22.5999
94000
22.4827
96000
22.3414
98000
22.4336
100000
22.6201
2000
22.7392
4000
22.8501
6000
22.998
8000
22.6828
10000
23.2232
12000
23.009
14000
23.31
16000
23.1535
18000
23.384
20000
23.2627
22000
23.2476
24000
23.2338
26000
23.0566
28000
23.3311
30000
23.1189
32000
23.1956
34000
23.2035
36000
22.9889
38000
23.1295
40000
23.2586
42000
23.152
44000
23.1327
46000
22.9419
48000
23.1837
50000
23.0481
52000
23.3934
54000
23.2223
56000
23.2664
58000
23.3263
60000
23.277
62000
23.2573
64000
22.8871
66000
23.184
68000
23.2147
70000
23.2671
72000
23.6347
74000
23.4257
76000
23.4838
78000
23.4468
80000
23.4225
82000
23.784
84000
23.2788
86000
23.3543
88000
23.2735
90000
23.5412
92000
23.3072
94000
23.5662
96000
23.4413
98000
23.2439
100000
23.417
2000
23.6591
4000
23.0238
6000
22.7681
8000
22.8081
10000
22.8716
12000
22.7896
14000
22.78
16000
22.813
18000
23.0487
20000
22.6908
22000
22.9016
24000
22.7876
26000
22.9709
28000
22.8928
30000
22.7549
32000
22.6441
34000
22.823
36000
22.8307
38000
22.7201
40000
22.8987
42000
22.6388
44000
22.8143
46000
22.8945
48000
22.7243
50000
23.0569
52000
22.9282
54000
22.8223
56000
22.9298
58000
22.5973
60000
22.7494
62000
22.5814
64000
22.6837
66000
22.7546
68000
23.0033
70000
22.8039
72000
22.841
74000
22.6382
76000
22.7459
78000
23.1874
80000
22.7469
82000
22.7593
84000
23.0995
86000
23.0591
88000
23.0518
90000
22.6648
92000
23.0605
94000
23.0866
96000
23.1525
98000
23.152
100000
22.988
2000
21.2069
4000
22.8947
6000
22.9021
8000
23.0545
10000
23.0786
12000
23.1816
14000
22.8789
16000
22.6394
18000
22.9658
20000
22.9214
22000
22.8102
24000
22.931
26000
22.9205
28000
22.7816
30000
23.104
32000
22.8977
34000
22.5039
36000
22.4229
38000
22.6759
40000
22.5499
42000
22.3754
44000
22.6903
46000
22.6903
48000
22.4635
50000
22.5926
52000
22.5491
54000
22.7764
56000
22.5539
58000
22.6243
60000
22.4828
62000
22.7372
64000
22.5761
66000
22.5629
68000
22.7067
70000
22.5589
72000
22.5332
74000
22.4647
76000
22.7063
78000
22.8096
80000
22.575
82000
22.4718
84000
22.7629
86000
22.768
88000
22.609
90000
22.7811
92000
22.4246
94000
22.6033
96000
22.6003
98000
22.6412
100000
22.577
2000
22.3818
4000
23.0244
6000
22.6071
8000
22.7018
10000
22.659
12000
22.6498
14000
22.6344
16000
22.5535
18000
22.8458
20000
22.7917
22000
22.4811
24000
22.393
26000
22.7143
28000
22.4175
30000
22.6219
32000
22.5049
34000
23.5583
36000
23.4052
38000
23.5551
40000
23.3864
42000
23.597
44000
23.6111
46000
23.4288
48000
23.4234
50000
23.4499
52000
23.4248
54000
23.5936
56000
23.3802
58000
23.5142
60000
23.3266
62000
23.6896
64000
23.4625
66000
23.5862
68000
23.4335
70000
23.7021
72000
23.5478
74000
23.3975
76000
23.6406
78000
23.4538
80000
23.3986
82000
23.6059
84000
23.5697
86000
23.516
88000
23.4895
90000
23.4766
92000
23.5275
94000
23.7141
96000
23.4838
98000
23.5122
100000
23.6836
2000
20.9848
4000
21.0533
6000
21.2855
8000
22.4005
10000
22.8853
12000
23.2838
14000
22.4334
16000
22.7087
18000
22.7824
20000
23.7047
22000
23.6027
24000
23.6442
26000
23.2776
28000
23.1972
30000
23.274
32000
23.4887
34000
23.4909
36000
23.437
38000
23.4563
40000
23.4412
42000
23.5574
44000
23.6956
46000
23.3093
48000
23.4741
50000
23.3716
52000
23.6577
54000
23.6355
56000
23.3563
58000
23.3715
60000
23.3814
62000
23.6953
64000
23.4907
66000
23.4758
68000
23.5596
70000
23.4432
72000
23.4234
74000
23.4662
76000
23.2916
78000
23.3622
80000
23.3655
82000
23.4467
84000
23.3516
86000
23.4119
88000
23.2748
90000
23.2935
92000
23.4016
94000
23.5036
96000
23.4684
98000
23.35
100000
23.6041
2000
17.6775
4000
22.9861
6000
23.6824
8000
22.693
10000
22.5149
12000
22.347
14000
22.2267
16000
22.6068
18000
22.4917
20000
22.4391
22000
22.5972
24000
22.4159
26000
22.3941
28000
22.5303
30000
22.7533
32000
22.9772
34000
22.6619
36000
22.9271
38000
23.3521
40000
23.5065
42000
23.4747
44000
23.5334
46000
23.3472
48000
23.4977
50000
23.4668
52000
22.9043
54000
22.769
56000
22.737
58000
22.9718
60000
22.8764
62000
22.7634
64000
22.8909
66000
22.8508
68000
22.7172
70000
22.6387
72000
22.9016
74000
23.0377
76000
22.7459
78000
23.1647
80000
23.1613
82000
22.8335
84000
22.9784
86000
22.9943
88000
23.1491
90000
23.1838
92000
23.2126
94000
22.864
96000
22.9365
98000
23.2347
100000
22.999
2000
19.0704
4000
19.9458
6000
22.9687
8000
23.0818
10000
22.63
12000
22.5091
14000
22.5582
16000
22.6218
18000
22.6423
20000
22.6109
22000
22.6098
24000
22.8212
26000
22.4109
28000
22.653
30000
22.7555
32000
22.5027
34000
22.4764
36000
22.6213
38000
22.8051
40000
22.4485
42000
22.3968
44000
22.6426
46000
22.5499
48000
22.6692
50000
22.7852
52000
22.7706
54000
22.5477
56000
22.5376
58000
22.5025
60000
22.6001
62000
22.8343
64000
22.523
66000
22.9627
68000
22.7321
70000
22.6373
72000
22.7895
74000
22.9105
76000
22.8425
78000
22.8478
80000
23.1952
82000
23.4476
84000
23.1968
86000
23.433
88000
23.1751
90000
23.3388
92000
23.5185
94000
23.0869
96000
23.328
98000
23.3888
100000
23.5392
2000
17.0561
4000
18.2797
6000
19.005
8000
22.4055
10000
23.087
12000
22.7668
14000
22.837
16000
22.9148
18000
22.7989
20000
23.1937
22000
23.1956
24000
23.1884
26000
23.094
28000
23.1484
30000
22.9658
32000
23.0658
34000
23.0272
36000
23.3208
38000
23.2288
40000
23.0675
42000
23.0773
44000
23.1166
46000
23.1039
48000
23.1495
50000
23.2219
52000
23.2073
54000
23.2679
56000
23.1924
58000
23.2623
60000
23.1525
62000
22.8781
64000
23.2689
66000
23.0619
68000
23.0078
70000
23.1467
72000
23.2608
74000
23.0903
76000
23.0573
78000
23.3398
80000
23.2953
82000
23.1933
84000
22.9748
86000
23.1741
88000
23.29
90000
23.0008
92000
23.0707
94000
22.921
96000
23.1689
98000
23.2529
100000
23.0749
2000
19.5729
4000
20.1787
6000
22.2376
8000
22.1511
10000
23.3929
12000
23.4252
14000
22.5092
16000
22.9597
18000
22.6942
20000
23.2716
22000
22.6785
24000
22.8168
26000
22.8923
28000
23.1967
30000
23.3164
32000
23.3117
34000
23.4288
36000
23.3069
38000
23.2794
40000
23.3103
42000
23.0443
44000
23.3249
46000
23.1147
48000
23.0166
50000
23.3492
52000
23.2342
54000
23.2844
56000
23.5137
58000
23.2333
60000
23.3039
62000
23.631
64000
23.2455
66000
23.3128
68000
23.3323
70000
23.2365
72000
23.3751
74000
23.3851
76000
23.1872
78000
23.336
80000
23.3847
82000
23.5943
84000
23.5331
86000
23.2469
88000
23.1764
90000
23.5078
92000
23.3397
94000
23.2682
96000
23.2868
98000
23.3686
100000
23.1285
2000
22.9184
4000
22.6477
6000
23.4235
8000
23.6184
10000
23.1719
12000
23.6196
14000
23.2612
16000
23.728
18000
23.418
20000
23.4851
22000
23.493
24000
23.5029
26000
23.4566
28000
23.3326
30000
23.8098
32000
23.5579
34000
23.3546
36000
23.5974
38000
23.4085
40000
23.44
42000
23.5623
44000
23.4608
46000
23.2978
48000
23.5388
50000
23.5199
52000
23.5569
54000
23.4473
56000
23.3391
58000
23.3876
60000
23.2546
62000
23.5012
64000
23.4853
66000
23.296
68000
23.4734
70000
23.5135
72000
23.6783
74000
23.264
76000
23.2806
78000
23.3846
80000
23.6714
82000
23.4082
84000
23.6165
86000
23.4889
88000
23.5785
90000
23.4639
92000
23.3324
94000
23.4991
96000
23.349
98000
23.5996
100000
23.555
2000
21.71
4000
22.9974
6000
22.9513
8000
22.785
10000
22.7373
12000
22.7004
14000
22.8863
16000
22.9112
18000
22.8933
20000
22.8451
22000
22.7237
24000
22.8408
26000
22.7655
28000
22.8699
30000
22.8465
32000
22.6495
34000
22.898
36000
22.9065
38000
23.2167
40000
23.1569
42000
23.0264
44000
23.2783
46000
23.1681
48000
23.0417
50000
23.3231
52000
22.9059
54000
23.1435
56000
23.4793
58000
23.2261
60000
23.3227
62000
23.2401
64000
23.2015
66000
22.9111
68000
22.913
70000
22.9575
72000
23.1243
74000
23.1392
76000
23.0086
78000
22.8919
80000
23.1893
82000
23.0909
84000
22.9649
86000
23.0095
88000
23.1217
90000
23.0698
92000
23.2387
94000
23.0094
96000
23.046
98000
22.7107
100000
22.7954
2000
20.2884
4000
20.3034
6000
20.2272
8000
22.8102
10000
22.8656
12000
22.7811
14000
22.789
16000
22.7892
18000
22.4679
20000
22.8423
22000
22.676
24000
22.8676
26000
22.7443
28000
22.755
30000
23.0462
32000
22.8094
34000
22.7262
36000
22.7282
38000
22.5455
40000
22.6092
42000
22.7513
44000
22.6049
46000
22.6893
48000
22.8698
50000
22.8594
52000
22.8037
54000
22.9599
56000
22.8875
58000
22.9063
60000
22.6978
62000
22.5293
64000
22.7403
66000
22.7299
68000
22.875
70000
22.7312
72000
22.5989
74000
22.9728
76000
22.9414
78000
22.7456
80000
22.6356
82000
22.6949
84000
22.8829
86000
22.7913
88000
22.6092
90000
22.8499
92000
22.6616
94000
22.7671
96000
22.7187
98000
22.8214
100000
22.8762
2000
20.2617
4000
22.0263
6000
23.5129
8000
23.5272
10000
23.3753
12000
23.604
14000
23.6876
16000
23.4598
18000
23.4944
20000
23.2796
22000
23.437
24000
23.6522
26000
23.4733
28000
23.3905
30000
23.632
32000
23.3777
34000
23.286
36000
23.5245
38000
23.4058
40000
23.5223
42000
23.5222
44000
23.6912
46000
23.2829
48000
23.5026
50000
23.5057
52000
23.4162
54000
23.5226
56000
23.3259
58000
23.5894
60000
23.2825
62000
23.76
64000
23.5758
66000
23.4821
68000
23.5322
70000
23.4723
72000
23.5438
74000
23.4459
76000
23.868
78000
23.4223
80000
23.2724
82000
23.4956
84000
23.6064
86000
23.4419
88000
23.3386
90000
23.4357
92000
23.5269
94000
23.5955
96000
23.4111
98000
23.4377
100000
23.5054
2000
19.3974
4000
19.3376
6000
19.9173
8000
20.3308
10000
19.2662
12000
19.3633
14000
19.4576
16000
20.6885
18000
20.5048
20000
20.6694
22000
20.676
24000
20.5631
26000
20.5013
28000
20.6322
30000
20.6293
32000
20.7293
34000
20.7499
36000
20.5473
38000
20.6474
40000
20.4449
42000
20.6692
44000
20.0568
46000
20.1907
48000
20.0822
50000
20.2848
52000
20.1958
54000
19.9216
56000
20.0246
58000
20.3055
60000
19.678
62000
19.9043
64000
20.0729
66000
19.9756
68000
19.9102
70000
19.8787
72000
19.6687
74000
19.8658
76000
19.898
78000
19.8954
80000
19.7397
82000
19.8412
84000
20.0521
86000
19.7523
88000
19.9978
90000
19.7521
92000
19.8286
94000
19.9967
96000
20.5106
98000
20.6218
100000
20.5002
2000
22.3921
4000
22.618
6000
22.4117
8000
22.427
10000
22.6678
12000
22.5148
14000
22.5476
16000
22.455
18000
23.0457
20000
22.9051
22000
23.0669
24000
22.7003
26000
23.2936
28000
22.7819
30000
22.9584
32000
22.8599
34000
23.0854
36000
22.8142
38000
23.0805
40000
22.8314
42000
23.0703
44000
23.0246
46000
23.0305
48000
23.1214
50000
22.7973
52000
23.0887
54000
22.713
56000
23.0377
58000
22.9146
60000
22.3519
62000
22.3436
64000
22.4002
66000
22.4981
68000
22.2462
70000
22.3955
72000
22.4675
74000
22.2442
76000
22.2413
78000
22.3877
80000
22.2219
82000
22.174
84000
22.2025
86000
22.2655
88000
22.3307
90000
22.4072
92000
22.1652
94000
22.2674
96000
22.1925
98000
22.3785
100000
22.2927
2000
21.9886
4000
21.9143
6000
22.723
8000
23.5482
10000
22.8998
12000
22.7182
14000
23.0299
16000
22.7925
18000
22.846
20000
22.8597
22000
22.9267
24000
22.6353
26000
22.9501
28000
22.8818
30000
23.0413
32000
22.878
34000
22.7229
36000
23.0704
38000
22.8606
40000
22.9646
42000
22.7065
44000
22.4206
46000
22.8051
48000
22.7894
50000
22.874
52000
22.8197
54000
22.6107
56000
22.7759
58000
22.9354
60000
22.8692
62000
22.8064
64000
22.8137
66000
22.9064
68000
22.8702
70000
22.8137
72000
23.3641
74000
23.4429
76000
23.3388
78000
23.6458
80000
23.6797
82000
23.6217
84000
23.3978
86000
23.6886
88000
23.5103
90000
23.3303
92000
23.4283
94000
23.3231
96000
23.1303
98000
23.5505
100000
23.5193
2000
19.541
4000
19.6491
6000
19.5236
8000
19.5839
10000
19.6516
12000
18.6416
14000
18.3407
16000
18.6127
18000
18.7118
20000
18.5286
22000
18.5474
24000
18.6757
26000
18.4315
28000
20.4102
30000
20.5174
32000
20.6077
34000
19.1114
36000
19.0164
38000
19.0403
40000
20.3223
42000
20.3996
44000
20.3709
46000
20.3185
48000
20.3361
50000
20.3761
52000
20.5212
54000
20.1684
56000
20.3816
58000
20.1757
60000
20.1094
62000
20.4645
64000
20.3651
66000
20.3534
68000
20.297
70000
20.2896
72000
20.4641
74000
20.444
76000
20.4482
78000
20.3294
80000
20.5127
82000
20.2544
84000
20.4664
86000
20.467
88000
20.2411
90000
20.2198
92000
20.2754
94000
20.3352
96000
20.3119
98000
20.4256
100000
20.2441
2000
22.9532
4000
23.0086
6000
22.8431
8000
23.0305
10000
22.9803
12000
22.9853
14000
22.6044
16000
22.554
18000
22.4892
20000
22.4736
22000
22.6896
24000
22.7095
26000
22.346
28000
22.6974
30000
22.73
32000
22.3731
34000
22.6276
36000
22.6177
38000
22.6162
40000
22.4626
42000
22.5864
44000
22.7123
46000
22.6707
48000
22.4935
50000
22.4451
52000
22.5649
54000
22.4983
56000
22.5782
58000
22.6467
60000
22.612
62000
22.445
64000
22.4167
66000
22.4011
68000
22.4042
70000
22.6138
72000
22.5755
74000
22.8418
76000
22.4537
78000
22.7684
80000
22.4757
82000
22.6364
84000
22.5145
86000
22.5914
88000
22.6079
90000
22.6566
92000
22.8462
94000
22.5907
96000
22.6564
98000
22.5309
100000
22.4465
