2000
22.3549
4000
22.5046
6000
22.4971
8000
22.4364
10000
22.8488
12000
23.3341
14000
23.1417
16000
23.0077
18000
22.9765
20000
22.9442
22000
22.7916
24000
22.6942
26000
22.8695
28000
22.8999
30000
22.8081
32000
22.803
34000
22.7152
36000
22.986
38000
23.0787
40000
22.9505
42000
22.084
44000
21.9624
46000
22.2164
48000
22.1311
50000
22.0501
52000
21.8382
54000
22.1701
56000
22.042
58000
22.1225
60000
22.2267
62000
23.2242
64000
23.2646
66000
23.3967
68000
23.3123
70000
23.319
72000
23.4547
74000
23.3452
76000
23.2191
78000
23.3493
80000
23.1256
82000
23.2128
84000
23.1734
86000
23.2981
88000
23.3543
90000
23.3144
92000
23.3953
94000
23.4118
96000
23.0385
98000
23.2974
100000
23.1409
2000
22.522
4000
22.9438
6000
23.0289
8000
22.0702
10000
22.8425
12000
22.8746
14000
22.8707
16000
22.8296
18000
23.5145
20000
23.6293
22000
23.5528
24000
23.5336
26000
23.6131
28000
23.5248
30000
23.3565
32000
23.5609
34000
23.5382
36000
23.4467
38000
23.6916
40000
23.3497
42000
23.5492
44000
23.512
46000
23.5855
48000
23.5722
50000
23.5401
52000
23.4698
54000
23.4935
56000
23.4363
58000
23.4605
60000
23.4866
62000
23.3409
64000
23.4038
66000
23.3631
68000
23.1821
70000
23.2239
72000
23.2315
74000
23.2874
76000
23.32
78000
23.092
80000
23.1377
82000
23.0212
84000
23.0535
86000
22.8358
88000
22.9768
90000
23.025
92000
22.8852
94000
22.7179
96000
22.8754
98000
22.7682
100000
22.8684
2000
22.5855
4000
21.8664
6000
21.6887
8000
21.8756
10000
21.8511
12000
21.9656
14000
21.9442
16000
21.8922
18000
21.9036
20000
23.4697
22000
23.2066
24000
23.5737
26000
23.4605
28000
23.5876
30000
23.3533
32000
23.4265
34000
23.4872
36000
23.657
38000
23.3351
40000
23.3382
42000
23.279
44000
23.6331
46000
23.5077
48000
23.3555
50000
23.6361
52000
23.5186
54000
23.4499
56000
23.2937
58000
23.3958
60000
23.4652
62000
23.4042
64000
23.4048
66000
23.4694
68000
23.3132
70000
23.4905
72000
23.2797
74000
23.1174
76000
22.7871
78000
23.1534
80000
23.0296
82000
23.104
84000
22.9828
86000
22.8485
88000
23.1654
90000
22.9277
92000
23.1503
94000
23.1449
96000
23.0164
98000
23.2005
100000
23.0879
2000
21.7589
4000
23.5879
6000
23.1665
8000
22.5441
10000
22.7292
12000
22.6535
14000
22.705
16000
22.9863
18000
23.1172
20000
21.6087
22000
23.0208
24000
23.023
26000
22.909
28000
23.0362
30000
23.0719
32000
23.054
34000
23.0335
36000
22.9728
38000
22.8743
40000
22.9329
42000
23.3435
44000
22.92
46000
22.8157
48000
22.5295
50000
22.665
52000
22.5855
54000
22.7556
56000
22.8679
58000
22.9426
60000
22.7535
62000
22.5482
64000
22.6918
66000
22.7235
68000
23.1103
70000
22.9013
72000
23.1175
74000
23.0518
76000
23.3113
78000
23.1498
80000
23.0679
82000
23.2004
84000
22.9347
86000
23.0558
88000
22.9131
90000
22.9775
92000
23.3384
94000
23.1654
96000
22.9589
98000
23.0558
100000
23.055
2000
23.4311
4000
22.8006
6000
22.7533
8000
23.0412
10000
22.6579
12000
22.9539
14000
22.7362
16000
22.677
18000
22.7312
20000
22.7818
22000
22.7337
24000
22.805
26000
22.6287
28000
22.8105
30000
22.8345
32000
23.0391
34000
22.7511
36000
22.7186
38000
22.6744
40000
22.8092
42000
22.7165
44000
22.9256
46000
22.67
48000
22.6997
50000
22.8524
52000
22.8138
54000
22.8368
56000
22.7883
58000
22.6784
60000
22.7366
62000
22.7315
64000
22.7668
66000
22.9233
68000
22.8668
70000
22.9458
72000
22.9065
74000
22.8406
76000
22.9524
78000
22.9919
80000
22.6525
82000
22.9113
84000
23.0021
86000
22.609
88000
22.7794
90000
22.5545
92000
22.6258
94000
22.7335
96000
22.7636
98000
22.779
100000
22.8734
2000
22.9601
4000
23.4991
6000
23.6264
8000
23.5554
10000
23.4992
12000
23.5195
14000
23.344
16000
23.4532
18000
23.4988
20000
23.3223
22000
23.5855
24000
23.6302
26000
23.5886
28000
23.4409
30000
23.5173
32000
23.4239
34000
23.3313
36000
23.6537
38000
23.7124
40000
23.4958
42000
23.5557
44000
23.4172
46000
23.3579
48000
23.5204
50000
23.3308
52000
23.4861
54000
23.4494
56000
23.6412
58000
23.5949
60000
23.5225
62000
23.4898
64000
23.366
66000
23.4436
68000
23.3937
70000
23.6718
72000
23.2873
74000
23.3834
76000
23.3848
78000
23.4884
80000
23.3788
82000
23.4825
84000
23.3321
86000
23.5281
88000
23.4695
90000
23.445
92000
23.388
94000
23.4098
96000
23.6075
98000
23.4045
100000
23.3039
2000
22.3485
4000
22.8096
6000
22.5287
8000
22.7668
10000
22.667
12000
22.6737
14000
23.343
16000
23.538
18000
23.4375
20000
23.4995
22000
23.3691
24000
23.3972
26000
23.4416
28000
23.2687
30000
23.4092
32000
23.2385
34000
23.285
36000
23.4811
38000
23.4807
40000
23.4511
42000
23.3688
44000
23.3824
46000
23.505
48000
23.47
50000
23.569
52000
23.4278
54000
23.5497
56000
23.1728
58000
23.5983
60000
23.4315
62000
23.671
64000
23.5542
66000
23.7525
68000
23.6578
70000
23.5225
72000
23.3705
74000
23.4497
76000
23.5489
78000
23.448
80000
23.4239
82000
23.3219
84000
23.2281
86000
23.3363
88000
23.561
90000
23.4094
92000
23.572
94000
23.5564
96000
23.4548
98000
23.4245
100000
23.3799
2000
22.3963
4000
23.4073
6000
23.5185
8000
23.5223
10000
23.5639
12000
23.7046
14000
23.3952
16000
23.3593
18000
23.4596
20000
23.3553
22000
22.7297
24000
22.6431
26000
22.6525
28000
22.6847
30000
22.6303
32000
22.5933
34000
22.6638
36000
22.9136
38000
22.8334
40000
22.7528
42000
23.0077
44000
22.5477
46000
22.5445
48000
22.7806
50000
22.6391
52000
22.6724
54000
22.8049
56000
22.8774
58000
22.7402
60000
22.9992
62000
22.7964
64000
22.8078
66000
22.7183
68000
22.722
70000
22.8401
72000
22.7635
74000
22.7341
76000
22.75
78000
22.6466
80000
22.6194
82000
22.8659
84000
22.7638
86000
22.9494
88000
22.869
90000
23.0224
92000
22.9562
94000
22.6114
96000
22.7031
98000
22.6696
100000
22.8293
2000
23.2885
4000
22.7814
6000
22.93
8000
22.7899
10000
22.8771
12000
22.7102
14000
22.8816
16000
22.8335
18000
22.9178
20000
22.7251
22000
22.6748
24000
22.7881
26000
22.7631
28000
22.8832
30000
22.8119
32000
23.0181
34000
22.9068
36000
22.7353
38000
22.8778
40000
22.9691
42000
22.9735
44000
22.9938
46000
22.8227
48000
22.7406
50000
23.0224
52000
22.8799
54000
22.9816
56000
22.9141
58000
22.9652
60000
22.8425
62000
22.7692
64000
23.0642
66000
23.1562
68000
22.8929
70000
23.0134
72000
22.9632
74000
22.7621
76000
22.909
78000
23.2417
80000
23.357
82000
23.2194
84000
23.0786
86000
23.1482
88000
22.6529
90000
22.6296
92000
22.7475
94000
22.8986
96000
22.6815
98000
22.6802
100000
22.4935
2000
22.773
4000
22.7814
6000
22.8376
8000
22.7753
10000
22.7486
12000
22.6558
14000
22.0925
16000
22.2531
18000
22.3234
20000
22.2247
22000
23.0436
24000
23.3757
26000
23.3005
28000
23.3082
30000
23.1181
32000
23.238
34000
23.14
36000
23.4247
38000
23.263
40000
23.3621
42000
23.3394
44000
23.4701
46000
23.3054
48000
23.3985
50000
23.5027
52000
23.0719
54000
23.2771
56000
23.3972
58000
23.3467
60000
23.3714
62000
23.2324
64000
22.9903
66000
23.3573
68000
23.4023
70000
23.289
72000
23.3039
74000
23.4906
76000
23.0974
78000
22.9535
80000
23.0227
82000
22.9392
84000
23.148
86000
23.0853
88000
23.2792
90000
23.1434
92000
23.0992
94000
22.9999
96000
23.0013
98000
22.975
100000
23.0713
2000
23.3778
4000
22.8155
6000
22.8572
8000
23.1441
10000
23.0983
12000
23.0347
14000
22.9761
16000
22.9332
18000
23.014
20000
22.9762
22000
23.2399
24000
23.2273
26000
23.3796
28000
23.4191
30000
23.2416
32000
23.2624
34000
23.1548
36000
23.288
38000
23.1053
40000
23.1934
42000
23.0313
44000
23.32
46000
23.2135
48000
23.32
50000
23.3676
52000
23.3038
54000
23.4332
56000
23.2926
58000
23.1429
60000
23.2621
62000
23.1118
64000
23.2666
66000
23.1687
68000
23.2944
70000
23.4555
72000
23.2172
74000
23.236
76000
23.262
78000
23.3653
80000
23.1992
82000
23.3746
84000
23.051
86000
23.1664
88000
23.3983
90000
23.1983
92000
23.0703
94000
23.2901
96000
23.1784
98000
22.7684
100000
22.73
2000
22.5597
4000
22.495
6000
22.4655
8000
22.5312
10000
23.4585
12000
22.7565
14000
22.9643
16000
22.8865
18000
22.6844
20000
22.8756
22000
22.7463
24000
22.971
26000
22.8385
28000
22.7073
30000
22.7126
32000
22.7205
34000
22.6157
36000
23.1019
38000
22.83
40000
22.8448
42000
22.8047
44000
22.7731
46000
22.7326
48000
22.6535
50000
22.6041
52000
22.8669
54000
23.0531
56000
22.8224
58000
22.8052
60000
22.7285
62000
22.7258
64000
22.8299
66000
22.8171
68000
22.9123
70000
22.8032
72000
22.5469
74000
23.0757
76000
22.9602
78000
22.8172
80000
22.6918
82000
22.7763
84000
22.7551
86000
22.7376
88000
22.6015
90000
22.8106
92000
22.6279
94000
22.8308
96000
22.5812
98000
22.9326
100000
22.9413
2000
22.689
4000
22.1058
6000
23.0053
8000
23.565
10000
23.3119
12000
23.2999
14000
23.3343
16000
23.112
18000
23.2894
20000
23.1884
22000
23.137
24000
23.1214
26000
23.1685
28000
23.2584
30000
23.2919
32000
23.3285
34000
23.4282
36000
23.3646
38000
23.1362
40000
22.8663
42000
22.9257
44000
22.9045
46000
22.9136
48000
23.1351
50000
22.9416
52000
23.0523
54000
23.1198
56000
23.0463
58000
23.119
60000
23.0524
62000
22.7306
64000
23.0266
66000
22.8034
68000
23.1097
70000
23.026
72000
22.9677
74000
23.1142
76000
22.5671
78000
22.7894
80000
22.8953
82000
22.8123
84000
22.771
86000
22.8014
88000
22.728
90000
23.0286
92000
22.7854
94000
22.6323
96000
22.9035
98000
22.8582
100000
22.7713
2000
23.1941
4000
22.9635
6000
22.6468
8000
22.7481
10000
22.939
12000
22.8971
14000
22.8322
16000
22.9273
18000
22.8933
20000
22.7781
22000
22.7615
24000
22.7682
26000
23.0538
28000
22.8929
30000
22.8612
32000
22.8541
34000
22.8571
36000
22.7519
38000
22.7391
40000
22.9861
42000
22.8407
44000
22.9605
46000
22.9888
48000
22.8763
50000
22.7408
52000
22.9745
54000
22.8
56000
22.8429
58000
22.6573
60000
23.329
62000
23.2891
64000
23.599
66000
22.8937
68000
22.7614
70000
22.8407
72000
22.5993
74000
23.0553
76000
22.7576
78000
22.7504
80000
22.8894
82000
22.939
84000
22.9153
86000
22.8232
88000
22.8187
90000
22.9394
92000
22.6881
94000
22.634
96000
22.7072
98000
22.882
100000
22.9365
2000
22.7197
4000
22.6246
6000
22.6958
8000
22.706
10000
22.6286
12000
22.6786
14000
22.6041
16000
22.8266
18000
22.8941
20000
22.601
22000
22.7672
24000
22.4798
26000
22.8031
28000
22.6743
30000
22.5399
32000
22.5785
34000
22.5891
36000
22.6692
38000
22.8447
40000
22.682
42000
22.7262
44000
22.4574
46000
22.621
48000
22.7063
50000
22.631
52000
22.4606
54000
22.3573
56000
22.3271
58000
22.4356
60000
22.3961
62000
22.7095
64000
22.5452
66000
22.5887
68000
22.6219
70000
22.72
72000
22.3505
74000
22.633
76000
22.4073
78000
22.3868
80000
22.4081
82000
22.3608
84000
22.3892
86000
22.4962
88000
22.6787
90000
22.3891
92000
22.3717
94000
22.2205
96000
22.6077
98000
22.6575
100000
22.2351
2000
22.7878
4000
22.7715
6000
22.6758
8000
22.7618
10000
23.2727
12000
23.2612
14000
23.3406
16000
23.3654
18000
23.3091
20000
23.3993
22000
23.3454
24000
23.3589
26000
23.2841
28000
23.144
30000
23.4693
32000
23.2261
34000
23.3389
36000
23.2029
38000
23.3708
40000
22.8801
42000
22.8409
44000
22.6426
46000
22.6206
48000
22.576
50000
22.7432
52000
22.6219
54000
22.5481
56000
22.5924
58000
22.5933
60000
22.503
62000
22.651
64000
22.7251
66000
22.6769
68000
22.6883
70000
22.9116
72000
22.8151
74000
22.6729
76000
22.5611
78000
22.6797
80000
22.7722
82000
22.4539
84000
22.9227
86000
22.4716
88000
22.6539
90000
22.6859
92000
22.9415
94000
22.5516
96000
22.6717
98000
22.7297
100000
22.5489
2000
21.9207
4000
22.9746
6000
22.6717
8000
22.5087
10000
22.8428
12000
22.9068
14000
23.1182
16000
23.1039
18000
23.0071
20000
22.5729
22000
22.6196
24000
22.797
26000
22.825
28000
22.5099
30000
22.6013
32000
22.5752
34000
22.5275
36000
22.6177
38000
22.6451
40000
22.5691
42000
22.4612
44000
22.622
46000
22.641
48000
22.6657
50000
22.4147
52000
22.665
54000
22.7636
56000
22.6897
58000
22.3432
60000
22.5285
62000
22.4983
64000
22.7346
66000
22.6405
68000
22.7267
70000
22.5486
72000
22.8163
74000
22.573
76000
22.6514
78000
22.6663
80000
22.5559
82000
22.6697
84000
22.7308
86000
22.4877
88000
22.5235
90000
22.6855
92000
22.6995
94000
22.3733
96000
22.8228
98000
22.7657
100000
22.7153
2000
22.9931
4000
22.8555
6000
22.6096
8000
22.7442
10000
22.7629
12000
22.5055
14000
22.6262
16000
22.818
18000
22.6108
20000
22.6066
22000
22.6589
24000
22.5812
26000
22.7416
28000
22.7606
30000
22.8435
32000
22.506
34000
22.4272
36000
23.0793
38000
22.7633
40000
22.7318
42000
22.8982
44000
23.0097
46000
22.8085
48000
22.793
50000
22.7422
52000
22.613
54000
22.814
56000
22.8401
58000
22.7053
60000
22.78
62000
22.8668
64000
22.6556
66000
22.7947
68000
22.6151
70000
22.7944
72000
22.896
74000
22.9175
76000
22.7277
78000
22.681
80000
22.8872
82000
22.6395
84000
22.8569
86000
22.7968
88000
22.6187
90000
22.9027
92000
22.7199
94000
22.5744
96000
22.8899
98000
22.6993
100000
22.8664
2000
23.0456
4000
22.3509
6000
23.3331
8000
22.5913
10000
22.4922
12000
22.4001
14000
22.3413
16000
22.3656
18000
22.1727
20000
22.4338
22000
22.3359
24000
22.3273
26000
22.2885
28000
22.6019
30000
22.3144
32000
22.8896
34000
22.7998
36000
22.9909
38000
22.8395
40000
22.8142
42000
22.8783
44000
22.8638
46000
22.7664
48000
22.7943
50000
22.6852
52000
22.8504
54000
22.9512
56000
22.9173
58000
23.027
60000
22.8063
62000
22.6236
64000
22.8351
66000
23.166
68000
22.8381
70000
22.9609
72000
23.0292
74000
23.1828
76000
22.9012
78000
23.564
80000
23.6056
82000
23.3979
84000
23.3286
86000
23.5552
88000
23.5194
90000
23.5195
92000
23.2543
94000
23.4865
96000
23.4314
98000
23.489
100000
23.5157
2000
22.1897
4000
22.9526
6000
22.91
8000
23.021
10000
22.897
12000
22.9756
14000
22.6888
16000
22.8626
18000
23.0658
20000
22.6272
22000
22.8786
24000
22.9034
26000
22.9131
28000
22.9176
30000
22.5503
32000
22.6875
34000
23.0511
36000
23.0341
38000
22.7865
40000
22.964
42000
22.7164
44000
23.4421
46000
23.5405
48000
23.5463
50000
23.5137
52000
23.3344
54000
23.424
56000
23.5805
58000
23.5381
60000
23.4444
62000
23.5115
64000
23.1804
66000
23.5216
68000
23.6
70000
23.4128
72000
23.4048
74000
23.5023
76000
23.4393
78000
23.5738
80000
23.6044
82000
23.4635
84000
23.3882
86000
23.4324
88000
23.4658
90000
23.5812
92000
23.3881
94000
23.5875
96000
23.5874
98000
23.397
100000
23.442
