10000
483.0
20000
494.0
30000
495.0
40000
496.0
50000
496.0
10000
592.0
20000
593.0
30000
594.0
40000
594.0
50000
595.0
60000
595.0
10000
591.0
20000
594.0
30000
594.0
40000
595.0
50000
595.0
10000
404.0
20000
414.0
30000
414.0
40000
414.0
50000
414.0
60000
416.0
70000
416.0
80000
420.0
90000
420.0
10000
405.0
20000
409.0
30000
416.0
40000
418.0
50000
420.0
60000
420.0
70000
421.0
80000
421.0
90000
421.0
10000
404.0
20000
410.0
30000
413.0
40000
414.0
50000
414.0
60000
417.0
70000
419.0
80000
419.0
90000
419.0
100000
419.0
110000
419.0
120000
419.0
130000
419.0
140000
419.0
150000
419.0
160000
419.0
170000
419.0
180000
419.0
190000
419.0
200000
419.0
210000
419.0
220000
419.0
230000
419.0
240000
420.0
250000
420.0
260000
420.0
270000
420.0
280000
420.0
290000
420.0
300000
420.0
310000
420.0
320000
420.0
330000
420.0
340000
420.0
350000
420.0
360000
420.0
370000
420.0
380000
420.0
390000
420.0
400000
420.0
10000
411.0
20000
415.0
30000
415.0
40000
415.0
50000
415.0
60000
415.0
70000
415.0
80000
415.0
90000
415.0
100000
415.0
110000
415.0
120000
415.0
130000
415.0
140000
415.0
150000
415.0
160000
415.0
170000
418.0
180000
418.0
190000
418.0
200000
418.0
210000
418.0
220000
418.0
230000
418.0
240000
418.0
250000
418.0
260000
418.0
270000
418.0
280000
418.0
290000
418.0
300000
419.0
310000
419.0
320000
422.0
330000
422.0
340000
422.0
350000
422.0
360000
424.0
370000
424.0
380000
424.0
390000
424.0
400000
424.0
10000
407.0
20000
408.0
30000
409.0
40000
414.0
50000
414.0
60000
414.0
70000
416.0
80000
416.0
90000
418.0
100000
419.0
110000
419.0
120000
419.0
130000
419.0
140000
423.0
150000
423.0
160000
423.0
170000
423.0
180000
423.0
190000
423.0
200000
423.0
210000
423.0
220000
423.0
230000
423.0
240000
423.0
250000
423.0
260000
423.0
270000
423.0
280000
423.0
290000
423.0
300000
423.0
310000
423.0
320000
423.0
330000
423.0
340000
423.0
350000
423.0
360000
423.0
370000
423.0
380000
423.0
390000
423.0
400000
423.0
10000
407.0
20000
411.0
30000
411.0
40000
411.0
50000
411.0
60000
412.0
70000
414.0
80000
414.0
90000
414.0
100000
414.0
110000
414.0
120000
414.0
130000
414.0
10000
406.0
20000
413.0
30000
413.0
40000
413.0
50000
414.0
60000
415.0
70000
419.0
80000
419.0
90000
419.0
100000
419.0
110000
419.0
120000
419.0
130000
419.0
140000
419.0
150000
419.0
160000
419.0
170000
419.0
180000
419.0
190000
419.0
200000
419.0
210000
419.0
220000
419.0
230000
419.0
240000
419.0
250000
419.0
260000
419.0
270000
419.0
280000
419.0
290000
419.0
300000
419.0
310000
419.0
320000
419.0
330000
419.0
340000
423.0
350000
423.0
360000
423.0
370000
423.0
380000
423.0
390000
423.0
400000
423.0
10000
402.0
20000
412.0
30000
412.0
40000
413.0
50000
416.0
60000
416.0
70000
416.0
80000
416.0
90000
416.0
100000
417.0
110000
419.0
120000
419.0
130000
419.0
140000
419.0
150000
419.0
160000
419.0
170000
419.0
180000
419.0
190000
419.0
200000
419.0
210000
420.0
220000
422.0
230000
422.0
240000
422.0
250000
422.0
260000
422.0
270000
422.0
280000
422.0
290000
422.0
300000
423.0
310000
423.0
320000
423.0
330000
423.0
340000
423.0
350000
423.0
360000
423.0
