10000
577.0
20000
576.0
30000
575.0
40000
579.0
50000
576.0
60000
577.0
70000
578.0
10000
592.0
20000
594.0
30000
595.0
10000
409.0
20000
409.0
30000
411.0
40000
413.0
50000
413.0
60000
413.0
70000
413.0
80000
413.0
90000
413.0
10000
407.0
20000
415.0
30000
415.0
40000
417.0
50000
417.0
60000
417.0
70000
419.0
80000
419.0
90000
419.0
100000
419.0
10000
405.0
20000
413.0
30000
413.0
40000
413.0
50000
413.0
60000
413.0
70000
414.0
80000
414.0
90000
414.0
100000
414.0
110000
415.0
120000
415.0
130000
415.0
140000
415.0
150000
415.0
160000
416.0
170000
416.0
180000
416.0
190000
418.0
200000
418.0
210000
418.0
220000
418.0
230000
421.0
240000
421.0
250000
421.0
260000
421.0
270000
421.0
280000
421.0
290000
421.0
300000
421.0
310000
421.0
320000
421.0
330000
423.0
340000
423.0
350000
423.0
360000
423.0
370000
423.0
380000
423.0
390000
423.0
400000
423.0
10000
404.0
20000
410.0
30000
409.0
40000
411.0
50000
411.0
60000
413.0
70000
414.0
80000
414.0
90000
414.0
100000
416.0
110000
416.0
120000
416.0
130000
416.0
140000
416.0
150000
416.0
160000
417.0
170000
417.0
180000
417.0
190000
417.0
200000
416.0
210000
417.0
220000
417.0
230000
417.0
240000
417.0
250000
417.0
260000
417.0
270000
417.0
280000
417.0
290000
417.0
300000
417.0
310000
417.0
320000
417.0
330000
417.0
340000
417.0
350000
417.0
360000
417.0
370000
417.0
380000
417.0
390000
417.0
400000
417.0
10000
406.0
20000
412.0
30000
412.0
40000
412.0
50000
412.0
60000
412.0
70000
412.0
80000
412.0
90000
413.0
100000
413.0
110000
413.0
120000
413.0
130000
413.0
140000
413.0
150000
417.0
160000
417.0
170000
417.0
180000
417.0
190000
417.0
200000
418.0
210000
418.0
220000
418.0
230000
418.0
240000
418.0
250000
418.0
260000
418.0
270000
418.0
280000
418.0
290000
418.0
300000
418.0
310000
418.0
320000
418.0
330000
418.0
340000
418.0
350000
418.0
360000
418.0
370000
418.0
380000
418.0
390000
418.0
400000
418.0
10000
406.0
20000
408.0
30000
408.0
40000
412.0
50000
412.0
60000
414.0
70000
414.0
80000
413.0
90000
413.0
10000
406.0
20000
409.0
30000
409.0
40000
416.0
50000
416.0
60000
416.0
70000
416.0
80000
418.0
90000
418.0
100000
418.0
110000
418.0
120000
418.0
130000
418.0
140000
418.0
150000
419.0
160000
419.0
170000
419.0
180000
419.0
190000
419.0
200000
419.0
210000
419.0
220000
419.0
230000
419.0
240000
419.0
250000
419.0
260000
419.0
270000
419.0
280000
419.0
290000
419.0
300000
419.0
310000
419.0
320000
419.0
330000
419.0
10000
403.0
20000
419.0
30000
421.0
40000
421.0
50000
421.0
60000
421.0
70000
421.0
80000
421.0
90000
421.0
100000
421.0
110000
421.0
120000
421.0
130000
421.0
140000
421.0
150000
421.0
160000
421.0
170000
421.0
180000
421.0
190000
421.0
200000
421.0
210000
421.0
220000
421.0
230000
421.0
240000
421.0
250000
421.0
260000
421.0
270000
421.0
280000
421.0
290000
421.0
300000
421.0
310000
421.0
320000
421.0
330000
421.0
340000
421.0
350000
421.0
360000
421.0
370000
421.0
380000
421.0
390000
421.0
400000
421.0
10000
397.0
20000
409.0
30000
417.0
40000
417.0
50000
417.0
60000
417.0
70000
417.0
80000
418.0
90000
418.0
100000
418.0
110000
419.0
120000
419.0
130000
419.0
140000
419.0
150000
419.0
160000
419.0
170000
419.0
180000
420.0
190000
420.0
200000
420.0
210000
420.0
220000
420.0
230000
420.0
240000
420.0
250000
420.0
260000
420.0
270000
420.0
280000
420.0
290000
420.0
300000
420.0
310000
420.0
320000
420.0
330000
420.0
340000
420.0
350000
420.0
360000
420.0
